-7.5 0.0972768
-7.19388 0.0145309
-6.88776 -0.094277
-6.58163 0.0871032
-6.27551 0.0519176
-5.96939 -0.119855
-5.66327 0.162276
-5.35714 0.0378703
-5.05102 0.0389059
-4.7449 0.0626662
-4.43878 0.263489
-4.13265 0.27669
-3.82653 0.0272709
-3.52041 0.227361
-3.21429 0.138528
-2.90816 -0.191758
-2.60204 -0.13462
-2.29592 -0.313188
-1.9898 -0.737936
-1.68367 -0.652091
-1.37755 -0.671239
-1.07143 -0.780037
-0.765306 -0.801931
-0.459184 -0.527495
-0.153061 -0.215951
0.153061 0.190363
0.459184 0.362535
0.765306 0.727952
1.07143 0.643626
1.37755 0.878304
1.68367 0.70352
1.9898 0.726442
2.29592 0.377336
2.60204 0.276862
2.90816 0.151866
3.21429 0.111466
3.52041 -0.0698743
3.82653 -0.104956
4.13265 -0.171772
4.43878 -0.281662
4.7449 0.0436169
5.05102 -0.114435
5.35714 0.0823047
5.66327 -0.143725
5.96939 -0.0793617
6.27551 0.0901576
6.58163 -0.0588181
6.88776 -0.0892447
7.19388 0.0733776
7.5 -0.0324034
