0 -0.0126316
0.1 0.0931977
0.2 0.190017
0.3 0.283972
0.4 0.378279
0.5 0.469679
0.6 0.550027
0.7 0.611785
0.8 0.653726
0.9 0.682288
1 0.707255
1.1 0.735309
1.2 0.766334
1.3 0.794439
1.4 0.812017
1.5 0.813708
1.6 0.798133
1.7 0.767355
1.8 0.725205
1.9 0.675699
2 0.622109
2.1 0.566689
2.2 0.510802
2.3 0.455207
2.4 0.400335
2.5 0.346497
2.6 0.294007
2.7 0.243237
2.8 0.194617
2.9 0.148609
3 0.105664
3.1 0.0661838
3.2 0.030485
3.3 -0.0012218
3.4 -0.0288405
3.5 -0.052387
3.6 -0.0719778
3.7 -0.0878124
3.8 -0.100154
3.9 -0.109309
4 -0.115609
4.1 -0.119395
4.2 -0.121006
4.3 -0.120764
4.4 -0.118976
4.5 -0.115921
4.6 -0.111854
4.7 -0.106999
4.8 -0.101556
4.9 -0.0956979
5 -0.0895724
5.1 -0.0833059
5.2 -0.0770041
5.3 -0.0707553
5.4 -0.0646319
5.5 -0.0586929
5.6 -0.0529857
5.7 -0.0475479
5.8 -0.042409
5.9 -0.0375919
6 -0.0331138
6.1 -0.0289877
6.2 -0.0252229
6.3 -0.0218261
6.4 -0.0188021
6.5 -0.0161538
6.6 -0.0138831
6.7 -0.011991
6.8 -0.0104778
6.9 -0.00934339
7 -0.00858723
7.1 -0.00820847
7.2 -0.00820592
7.3 -0.00857811
7.4 -0.00932318
7.5 -0.0104389
7.6 -0.0119228
7.7 -0.0137715
7.8 -0.0159816
7.9 -0.018549
8 -0.0214688
8.1 -0.0247359
8.2 -0.0283443
8.3 -0.0322877
8.4 -0.0365589
8.5 -0.0411505
8.6 -0.0460543
8.7 -0.0512618
8.8 -0.0567641
8.9 -0.0625516
9 -0.0686149
9.1 -0.0749438
9.2 -0.0815281
9.3 -0.0883575
9.4 -0.0954215
9.5 -0.102709
9.6 -0.110211
9.7 -0.117915
9.8 -0.125812
9.9 -0.13389
10 -0.142141
