0 -0.0408921
0.1 0.0910435
0.2 0.216814
0.3 0.328914
0.4 0.422099
0.5 0.494672
0.6 0.548779
0.7 0.58962
0.8 0.623802
0.9 0.65727
1 0.693421
1.1 0.732069
1.2 0.76971
1.3 0.800958
1.4 0.820479
1.5 0.824564
1.6 0.811843
1.7 0.783156
1.8 0.74091
1.9 0.68832
2 0.62876
2.1 0.565348
2.2 0.500713
2.3 0.43693
2.4 0.375532
2.5 0.31758
2.6 0.263744
2.7 0.214385
2.8 0.169635
2.9 0.129454
3 0.0936862
3.1 0.0620969
3.2 0.0344061
3.3 0.0103098
3.4 -0.0105033
3.5 -0.02834
3.6 -0.0434952
3.7 -0.0562465
3.8 -0.0668519
3.9 -0.0755482
4 -0.0825508
4.1 -0.0880544
4.2 -0.0922336
4.3 -0.0952447
4.4 -0.0972268
4.5 -0.0983032
4.6 -0.0985833
4.7 -0.0981634
4.8 -0.0971287
4.9 -0.095554
5 -0.0935051
5.1 -0.0910401
5.2 -0.0882096
5.3 -0.0850582
5.4 -0.0816252
5.5 -0.0779447
5.6 -0.0740468
5.7 -0.069958
5.8 -0.0657011
5.9 -0.0612965
6 -0.0567619
6.1 -0.0521127
6.2 -0.0473623
6.3 -0.0425227
6.4 -0.037604
6.5 -0.0326151
6.6 -0.0275638
6.7 -0.0224567
6.8 -0.0172996
6.9 -0.0120973
7 -0.00685404
7.1 -0.00157323
7.2 0.00374223
7.3 0.00908997
7.4 0.0144681
7.5 0.0198752
7.6 0.0253101
7.7 0.0307722
7.8 0.036261
7.9 0.0417764
8 0.0473183
8.1 0.0528873
8.2 0.0584837
8.3 0.0641082
8.4 0.0697617
8.5 0.0754451
8.6 0.0811595
8.7 0.086906
8.8 0.0926859
8.9 0.0985005
9 0.104351
9.1 0.110239
9.2 0.116166
9.3 0.122134
9.4 0.128143
9.5 0.134196
9.6 0.140293
9.7 0.146437
9.8 0.152628
9.9 0.158869
10 0.165159
