0 -0.0687849
0.1 0.0715787
0.2 0.208965
0.3 0.337843
0.4 0.453569
0.5 0.552765
0.6 0.633477
0.7 0.695113
0.8 0.738225
0.9 0.764212
1 0.775015
1.1 0.772843
1.2 0.759958
1.3 0.738528
1.4 0.710531
1.5 0.677711
1.6 0.641556
1.7 0.603311
1.8 0.563992
1.9 0.524409
2 0.485201
2.1 0.446853
2.2 0.409727
2.3 0.374083
2.4 0.340097
2.5 0.307878
2.6 0.277485
2.7 0.248931
2.8 0.222203
2.9 0.197259
3 0.174044
3.1 0.152487
3.2 0.132511
3.3 0.114033
3.4 0.0969682
3.5 0.0812302
3.6 0.0667337
3.7 0.0533955
3.8 0.0411351
3.9 0.029875
4 0.0195418
4.1 0.0100657
4.2 0.00138097
4.3 -0.00657402
4.4 -0.013857
4.5 -0.0205217
4.6 -0.0266182
4.7 -0.0321929
4.8 -0.0372889
4.9 -0.0419458
5 -0.0462004
5.1 -0.0500866
5.2 -0.0536354
5.3 -0.0568756
5.4 -0.0598334
5.5 -0.0625331
5.6 -0.0649968
5.7 -0.0672448
5.8 -0.0692959
5.9 -0.071167
6 -0.0728738
6.1 -0.0744306
6.2 -0.0758505
6.3 -0.0771454
6.4 -0.0783262
6.5 -0.079403
6.6 -0.0803848
6.7 -0.08128
6.8 -0.0820962
6.9 -0.0828403
7 -0.0835187
7.1 -0.0841371
7.2 -0.0847009
7.3 -0.0852148
7.4 -0.0856833
7.5 -0.0861103
7.6 -0.0864996
7.7 -0.0868544
7.8 -0.0871779
7.9 -0.0874726
8 -0.0877413
8.1 -0.0879863
8.2 -0.0882095
8.3 -0.0884129
8.4 -0.0885984
8.5 -0.0887674
8.6 -0.0889214
8.7 -0.0890618
8.8 -0.0891898
8.9 -0.0893064
9 -0.0894127
9.1 -0.0895095
9.2 -0.0895978
9.3 -0.0896783
9.4 -0.0897516
9.5 -0.0898185
9.6 -0.0898794
9.7 -0.0899349
9.8 -0.0899855
9.9 -0.0900316
10 -0.0900736
