8.5092 -6.6346
2.66666 -5.45237
5.3976 -6.06606
3.75207 -5.41958
7.60249 -6.55987
5.12535 -5.96344
6.67724 -6.42171
5.31606 -6.03618
0.392803 -7.76224
4.37638 -5.65451
9.31835 -6.67309
9.3081 -6.67271
7.20952 -6.51086
2.84293 -5.37091
7.38534 -6.53434
6.39979 -6.36273
3.54049 -5.3622
6.87861 -6.45891
1.65974 -6.74957
4.40105 -5.66478
8.80075 -6.6507
8.29201 -6.62052
3.30337 -5.32316
2.28968 -5.7841
8.93372 -6.65712
3.5036 -5.35413
6.8667 -6.45683
9.56468 -6.68165
5.8864 -6.22754
6.57304 -6.40065
8.58676 -6.63918
4.3956 -5.66251
9.2397 -6.67011
3.98437 -5.49893
8.14767 -6.60999
6.84219 -6.45251
9.10972 -6.66487
4.82491 -5.84222
2.15825 -5.95227
9.50252 -6.67959
9.20128 -6.6686
1.4766 -7.05458
8.81062 -6.65119
6.41081 -6.36526
4.31953 -5.63099
6.19596 -6.31325
2.81059 -5.38273
7.86002 -6.58579
3.07458 -5.32176
4.47034 -5.69375
2.26107 -5.81852
1.87533 -6.386
2.76235 -5.40289
5.56444 -6.12467
4.16501 -5.56834
1.69607 -6.68794
9.06804 -6.66311
1.03171 -7.68335
1.26075 -7.38734
4.95444 -5.89531
7.60475 -6.56012
9.84752 -6.69021
9.35004 -6.67426
6.84445 -6.45291
3.83188 -5.44526
7.49771 -6.548
3.68664 -5.40003
2.9416 -5.34273
2.32262 -5.74607
5.84489 -6.21506
2.44413 -5.62074
1.5239 -6.97718
7.32149 -6.52612
1.25475 -7.39598
7.9347 -6.59252
1.64102 -6.78125
7.45071 -6.54241
0.745298 -7.89974
9.50104 -6.67954
0.525293 -7.87571
5.21563 -5.99835
1.76211 -6.57589
2.40062 -5.66287
7.97798 -6.59627
7.32654 -6.52678
6.56564 -6.39911
9.67405 -6.6851
6.39458 -6.36154
7.59735 -6.55931
0.934805 -7.7809
1.34902 -7.256
5.2021 -5.99317
0.782321 -7.88539
0.699064 -7.91073
2.04655 -6.11371
4.6142 -5.7542
8.19677 -6.61368
5.73319 -6.18031
7.55581 -6.55468
0.519388 -7.87227
1.57807 -6.88717
9.99994 -6.69437
2.04329 -6.11865
8.89956 -6.65552
1.25468 -7.39608
9.97799 -6.69379
0.540576 -7.88391
8.7054 -6.64575
0.723288 -7.90596
0.0416161 -7.16726
9.23069 -6.66976
5.93892 -6.24299
1.80372 -6.50559
1.63131 -6.79765
3.9169 -5.47452
9.13027 -6.66573
8.19695 -6.6137
3.59095 -5.37426
5.52485 -6.11108
5.7943 -6.19953
4.52576 -5.71701
6.87387 -6.45808
0.996401 -7.72125
5.30808 -6.03322
7.57294 -6.55661
3.04295 -5.32512
9.92228 -6.69229
5.76971 -6.19186
8.77614 -6.64945
7.47809 -6.54569
6.2891 -6.33653
0.354209 -7.71529
7.47803 -6.54568
8.33239 -6.62329
9.25377 -6.67065
8.73271 -6.6472
8.31038 -6.62179
9.79434 -6.68869
7.43811 -6.54088
9.03366 -6.66162
9.83596 -6.68989
6.6688 -6.42006
4.97259 -5.90265
1.63968 -6.78352
8.30012 -6.62108
8.88949 -6.65504
0.769947 -7.89072
6.49707 -6.38448
2.48044 -5.58791
6.2948 -6.33792
2.29137 -5.78211
7.0062 -6.48022
3.16867 -5.31718
3.28777 -5.32179
2.31428 -5.75553
0.74161 -7.9009
6.33072 -6.34657
2.23656 -5.84899
6.51132 -6.38757
5.10686 -5.95619
9.71466 -6.68634
2.80042 -5.38672
5.46107 -6.08876
7.19269 -6.50847
1.13281 -7.56218
4.71483 -5.79641
5.9254 -6.23905
9.44318 -6.67757
4.50918 -5.71005
3.36351 -5.32996
8.47684 -6.63263
4.34513 -5.64156
0.0323146 -7.14859
3.44943 -5.34351
5.98481 -6.25619
8.33243 -6.62329
2.33892 -5.72788
6.75476 -6.43657
4.8295 -5.84412
4.81936 -5.83992
3.04956 -5.32434
7.12087 -6.49799
1.82556 -6.4689
6.21823 -6.31892
0.408643 -7.77975
4.13984 -5.55838
6.95984 -6.47267
6.73936 -6.43367
6.3764 -6.35733
3.47116 -5.34759
1.84622 -6.43434
6.09106 -6.28565
6.27158 -6.33224
7.30729 -6.52425
3.28374 -5.32146
7.40438 -6.53673
2.02213 -6.15095
9.20914 -6.66891
6.84757 -6.45346
6.5313 -6.39186
2.57265 -5.51405
5.32441 -6.03928
0.876436 -7.82881
2.60497 -5.49133
8.77384 -6.64933
6.86125 -6.45588
0.937402 -7.77856
1.11276 -7.58756
3.61601 -5.38066
5.76691 -6.19098
5.93211 -6.24101
6.66557 -6.41942
2.88778 -5.35667
7.75767 -6.57601
2.88379 -5.35784
3.29642 -5.32253
1.89751 -6.34947
9.84363 -6.6901
0.0357857 -7.15555
8.27391 -6.61925
3.31479 -5.32427
1.88201 -6.37497
4.36497 -5.64978
9.58637 -6.68235
9.1893 -6.66812
7.64871 -6.56485
6.99075 -6.47773
1.21143 -7.45716
6.85786 -6.45528
3.83832 -5.44741
7.74273 -6.57453
9.43051 -6.67713
9.16273 -6.66705
8.61917 -6.64102
2.03548 -6.13051
7.93657 -6.59269
5.48042 -6.09559
2.97288 -5.33614
9.04932 -6.6623
9.09643 -6.66432
8.73979 -6.64757
4.98144 -5.90623
5.762 -6.18944
1.62757 -6.80398
2.73911 -5.41372
8.64579 -6.64251
4.92399 -5.88292
4.63662 -5.76362
8.48942 -6.6334
4.95977 -5.89747
2.91053 -5.35037
1.80421 -6.50477
6.84178 -6.45244
7.2755 -6.51999
1.39058 -7.19173
6.03109 -6.26921
4.92422 -5.88302
8.38134 -6.62655
7.24252 -6.51547
1.78208 -6.54211
2.21966 -5.87054
4.98525 -5.90777
1.21259 -7.45556
1.38238 -7.20452
3.60443 -5.37767
3.24807 -5.31907
9.31895 -6.67311
9.08485 -6.66383
6.22095 -6.31961
8.36828 -6.62569
8.18128 -6.61253
4.96074 -5.89786
3.34972 -5.32819
3.94327 -5.48395
6.58831 -6.40382
6.08883 -6.28505
2.58906 -5.50231
1.5123 -6.99627
0.72545 -7.90542
1.07848 -7.62946
6.47207 -6.37901
3.63598 -5.38594
2.8827 -5.35816
3.31386 -5.32417
0.911486 -7.80111
4.27328 -5.61201
9.34495 -6.67407
5.8357 -6.21226
2.65461 -5.45953
6.58747 -6.40365
7.61778 -6.56154
4.87427 -5.86257
1.57272 -6.89611
8.83037 -6.65217
6.25665 -6.32855
5.17715 -5.98357
2.07844 -6.06608
5.57561 -6.12847
4.26199 -5.6074
8.29939 -6.62103
3.94388 -5.48417
2.44327 -5.62154
3.26013 -5.31977
7.2936 -6.52242
6.38654 -6.35968
9.84845 -6.69024
3.38243 -5.33257
8.9756 -6.65904
1.36075 -7.23802
4.10788 -5.54585
0.0540855 -7.19229
7.83282 -6.58326
7.74386 -6.57464
2.93678 -5.34385
1.14668 -7.54427
8.65535 -6.64304
7.21006 -6.51094
0.491625 -7.85406
4.49105 -5.70244
9.86467 -6.6907
7.07909 -6.49166
2.10883 -6.02179
4.73894 -5.80648
8.65181 -6.64284
0.939195 -7.77694
0.995593 -7.72209
3.82896 -5.44429
3.01763 -5.32852
6.5712 -6.40027
8.09095 -6.60558
1.31702 -7.30448
0.515083 -7.86967
0.534223 -7.88062
4.57716 -5.73862
7.80868 -6.58097
6.92076 -6.46614
4.4256 -5.67503
1.19111 -7.48509
5.89637 -6.2305
5.78635 -6.19706
5.29899 -6.02983
5.95045 -6.24634
3.61917 -5.38148
3.04285 -5.32513
8.88723 -6.65493
4.76585 -5.8177
1.6982 -6.68432
6.09729 -6.28733
5.25747 -6.01425
6.18925 -6.31153
5.96196 -6.24965
2.33656 -5.73048
8.29808 -6.62094
0.700902 -7.91044
0.988374 -7.72951
9.23728 -6.67001
1.6965 -6.68722
4.81733 -5.83908
2.25491 -5.82609
8.26769 -6.61881
2.90829 -5.35096
3.57193 -5.36959
8.78278 -6.64979
3.44251 -5.34226
8.14909 -6.6101
6.59146 -6.40447
0.363274 -7.72685
2.57469 -5.51257
7.78257 -6.57845
6.25964 -6.32929
8.36104 -6.62521
3.08157 -5.32115
2.21009 -5.88291
1.98021 -6.21626
6.12442 -6.29459
1.09733 -7.60666
6.74605 -6.43493
7.82262 -6.5823
7.19462 -6.50875
2.00352 -6.17973
4.01188 -5.50915
3.15658 -5.31734
4.34009 -5.63947
2.30996 -5.76048
3.85748 -5.45388
5.32846 -6.04078
1.54724 -6.93856
5.55398 -6.1211
0.145793 -7.37305
3.80215 -5.43548
3.82167 -5.44187
3.05408 -5.32383
7.37408 -6.53291
2.60445 -5.49168
6.49659 -6.38438
5.52316 -6.1105
9.19591 -6.66839
6.85986 -6.45563
8.09785 -6.60612
6.97848 -6.47573
3.1195 -5.3186
6.45889 -6.37609
0.0600477 -7.20424
5.3296 -6.0412
8.4391 -6.63027
6.18447 -6.3103
6.42693 -6.36892
5.18515 -5.98666
4.00709 -5.50737
3.62154 -5.38211
7.18867 -6.5079
8.01897 -6.59973
6.77812 -6.44091
1.52876 -6.96916
0.328927 -7.68134
0.635606 -7.91242
6.85722 -6.45517
1.87616 -6.38462
6.18958 -6.31161
7.00301 -6.47971
5.67831 -6.16263
0.0112548 -7.10637
0.0570914 -7.19831
3.05239 -5.32402
2.6157 -5.48414
6.55368 -6.3966
8.57555 -6.63853
1.81161 -6.49232
3.41354 -5.33733
6.67341 -6.42096
8.79009 -6.65016
6.53305 -6.39223
3.1323 -5.31803
8.85014 -6.65314
1.86265 -6.40701
1.57139 -6.89833
5.03461 -5.92757
8.28957 -6.62035
6.75654 -6.4369
9.0417 -6.66197
1.91112 -6.32721
3.94521 -5.48465
7.06067 -6.48882
8.68924 -6.64489
5.47397 -6.09332
7.38959 -6.53487
9.32485 -6.67333
2.33119 -5.73645
9.26576 -6.67111
5.51443 -6.10747
9.3342 -6.67368
4.94407 -5.8911
5.52568 -6.11137
9.39129 -6.67574
7.99646 -6.59784
8.14139 -6.60951
5.94497 -6.24475
6.57201 -6.40044
9.953 -6.69312
9.35852 -6.67456
3.24541 -5.31892
8.74309 -6.64774
5.89157 -6.22907
6.37771 -6.35763
7.59324 -6.55886
7.75421 -6.57567
7.9491 -6.59378
2.62785 -5.47621
6.04379 -6.27273
4.70564 -5.79256
1.66955 -6.73295
7.9549 -6.59429
8.65086 -6.64279
8.73021 -6.64707
6.64414 -6.41516
4.12483 -5.55248
6.11981 -6.29336
5.96899 -6.25167
6.45601 -6.37545
5.38557 -6.0617
1.48342 -7.04349
5.79022 -6.19826
0.329634 -7.68233
7.0091 -6.48069
5.18151 -5.98525
8.32609 -6.62286
5.15049 -5.97325
1.12648 -7.57026
4.8981 -5.87234
5.10349 -5.95487
0.484997 -7.84922
8.14351 -6.60967
3.84658 -5.45019
6.37656 -6.35737
4.52122 -5.71511
1.43982 -7.11384
4.13078 -5.55481
2.47033 -5.59684
4.06767 -5.5303
0.174566 -7.42734
7.17597 -6.50607
5.73721 -6.1816
8.12947 -6.60859
5.82682 -6.20955
4.46743 -5.69253
4.77361 -5.82093
9.95165 -6.69309
0.587232 -7.90269
0.742604 -7.90059
6.40766 -6.36454
5.9728 -6.25276
2.22602 -5.86237
2.19788 -5.89891
6.30243 -6.33977
9.23513 -6.66993
7.37939 -6.53359
4.62852 -5.76022
4.38562 -5.65836
8.50586 -6.6344
9.52662 -6.6804
9.48911 -6.67914
8.99086 -6.65973
7.67014 -6.56711
3.33569 -5.32652
5.36742 -6.05509
2.19136 -5.90753
4.77551 -5.82172
9.4982 -6.67945
4.66169 -5.77414
8.84318 -6.6528
9.67277 -6.68506
1.83765 -6.44866
4.58039 -5.73998
7.80224 -6.58035
7.66448 -6.56652
9.04782 -6.66224
2.57585 -5.51173
7.61612 -6.56136
9.63505 -6.68389
3.31846 -5.32464
4.02379 -5.51362
5.60785 -6.13934
5.54448 -6.11784
6.22167 -6.31979
1.91028 -6.32858
4.77961 -5.82343
3.60105 -5.37681
6.5388 -6.39345
9.16523 -6.66716
2.10692 -6.02455
6.06542 -6.27868
8.65434 -6.64298
1.09778 -7.60611
3.73556 -5.41451
1.99003 -6.20081
6.4652 -6.37749
5.92692 -6.23949
6.76554 -6.43858
5.96341 -6.25007
0.588605 -7.90311
5.60872 -6.13963
5.63617 -6.14878
2.42626 -5.63767
0.189108 -7.45414
3.43841 -5.34154
0.0907344 -7.26549
9.23692 -6.67
6.01427 -6.26451
7.70686 -6.57091
8.87197 -6.6542
9.33273 -6.67362
1.73065 -6.62924
4.47982 -5.69772
4.87721 -5.86378
7.95231 -6.59406
6.39009 -6.3605
9.65682 -6.68457
1.55336 -6.92838
2.92889 -5.34572
8.82204 -6.65176
3.66028 -5.39258
8.99431 -6.65988
7.47638 -6.54549
4.75806 -5.81446
2.72987 -5.41824
9.4664 -6.67837
1.22326 -7.44068
8.65679 -6.64312
6.23194 -6.32238
7.18666 -6.50761
9.2454 -6.67033
1.84066 -6.44363
2.82284 -5.3781
1.67165 -6.72938
2.02977 -6.13923
6.26125 -6.32969
1.76239 -6.57542
1.26669 -7.37874
2.27552 -5.80098
9.46925 -6.67846
0.138663 -7.35936
1.60824 -6.83654
1.19989 -7.47308
4.61848 -5.75599
6.48545 -6.38195
9.15221 -6.66663
1.00857 -7.70848
6.14227 -6.29931
0.70557 -7.90966
3.93746 -5.48186
4.96431 -5.8993
4.36585 -5.65014
2.93177 -5.34503
2.44069 -5.62396
9.12391 -6.66546
5.66164 -6.15718
1.90709 -6.33378
0.347164 -7.70608
4.31844 -5.63053
8.13904 -6.60933
7.53383 -6.55219
3.56383 -5.36764
9.9797 -6.69384
0.356664 -7.71845
5.23548 -6.00592
2.00947 -6.17049
6.61792 -6.40988
6.99787 -6.47888
3.27616 -5.32087
8.89343 -6.65523
6.46712 -6.37791
3.41482 -5.33754
0.501679 -7.86104
7.66701 -6.56678
8.0333 -6.60092
6.98713 -6.47714
6.81922 -6.4484
9.04187 -6.66198
3.1294 -5.31814
7.52479 -6.55115
2.97933 -5.33491
8.09371 -6.60579
1.89064 -6.36076
5.91111 -6.23485
0.534394 -7.88071
1.01454 -7.70209
1.57275 -6.89606
2.44149 -5.62321
1.36171 -7.23654
5.89119 -6.22896
0.580523 -7.90057
8.89553 -6.65533
9.45502 -6.67798
0.560222 -7.89296
9.2522 -6.67059
4.6905 -5.78622
2.56969 -5.51622
5.87011 -6.22267
1.68837 -6.70101
5.84585 -6.21535
4.76355 -5.81674
8.15549 -6.61059
9.26068 -6.67092
5.26523 -6.01717
5.8225 -6.20823
7.29398 -6.52247
2.25236 -5.82925
2.64172 -5.46743
6.33585 -6.34779
5.38175 -6.06031
0.166506 -7.4123
9.31518 -6.67297
3.47546 -5.34842
2.05714 -6.09776
5.22629 -6.00242
4.00985 -5.5084
3.07168 -5.32203
6.79904 -6.44475
6.45134 -6.3744
4.43339 -5.67828
2.69022 -5.43897
7.03186 -6.48431
3.32892 -5.32576
2.14524 -5.97026
7.59208 -6.55873
2.58112 -5.50794
6.83574 -6.45136
0.161775 -7.4034
8.45123 -6.63103
8.52411 -6.6355
6.00763 -6.26264
3.21478 -5.31768
6.6796 -6.42218
5.2683 -6.01833
8.48 -6.63282
2.5021 -5.56934
2.56228 -5.52169
0.732357 -7.90361
5.14382 -5.97065
8.89813 -6.65545
6.11411 -6.29184
5.31033 -6.03405
8.21331 -6.6149
9.58957 -6.68245
7.36747 -6.53207
3.43959 -5.34174
3.59942 -5.3764
0.439153 -7.81051
0.238632 -7.54145
0.050762 -7.18562
4.87254 -5.86186
2.92886 -5.34573
7.08262 -6.4922
8.20146 -6.61403
5.0741 -5.94327
4.67471 -5.7796
0.782579 -7.88528
1.90984 -6.3293
4.83648 -5.847
9.23381 -6.66988
0.433947 -7.80554
0.84411 -7.85131
2.44858 -5.61659
7.11355 -6.49689
6.11241 -6.29139
0.928584 -7.78643
9.61565 -6.68328
8.67469 -6.6441
1.66094 -6.74753
4.75947 -5.81505
7.57282 -6.55659
7.77505 -6.57772
0.0698012 -7.22377
5.78613 -6.19699
7.36462 -6.53171
7.43727 -6.54078
9.22572 -6.66956
0.964041 -7.75367
7.87642 -6.5873
9.46435 -6.6783
1.0148 -7.70181
2.74897 -5.40904
2.39321 -5.67036
8.09743 -6.60609
0.950427 -7.7666
7.4673 -6.5444
2.77214 -5.39855
1.73301 -6.62524
9.37714 -6.67524
7.60862 -6.56054
0.966814 -7.75098
9.81109 -6.68918
8.45273 -6.63113
3.4154 -5.33763
6.92463 -6.46679
4.56514 -5.73357
4.34398 -5.64108
6.54029 -6.39377
3.23983 -5.31864
6.00492 -6.26188
1.29976 -7.33024
0.81265 -7.87018
3.77997 -5.42834
1.36956 -7.22442
6.59878 -6.40597
1.14459 -7.54699
8.80683 -6.651
5.8245 -6.20884
2.10863 -6.02207
6.68326 -6.42289
5.28885 -6.02604
3.12343 -5.31841
9.43222 -6.67719
7.68206 -6.56835
1.22086 -7.44403
0.382648 -7.75047
5.14936 -5.97281
3.993 -5.50213
2.11565 -6.012
4.5265 -5.71732
1.60162 -6.84769
3.08247 -5.32107
4.33758 -5.63844
0.0543489 -7.19281
6.49787 -6.38465
1.26222 -7.38522
4.61949 -5.75642
0.841846 -7.85277
7.80251 -6.58038
7.85932 -6.58573
6.84677 -6.45332
9.10227 -6.66456
8.67197 -6.64395
0.626739 -7.91137
0.471826 -7.83903
5.27075 -6.01925
1.77133 -6.56028
9.27866 -6.6716
1.09525 -7.60921
3.87996 -5.46159
5.96191 -6.24964
6.38409 -6.35911
7.0034 -6.47977
5.39413 -6.0648
4.06615 -5.52972
8.22426 -6.6157
5.77678 -6.19407
9.21551 -6.66916
2.21726 -5.87363
7.89244 -6.58876
3.74201 -5.41648
3.81888 -5.44095
0.974906 -7.74305
8.07959 -6.60467
3.87323 -5.45927
7.47277 -6.54506
9.34181 -6.67396
8.49272 -6.6336
8.31462 -6.62208
7.14432 -6.50146
6.35204 -6.35162
5.16139 -5.97748
6.24658 -6.32604
5.02401 -5.92334
5.78813 -6.19761
6.71841 -6.42969
0.294762 -7.63169
7.55945 -6.55509
5.99707 -6.25967
1.39001 -7.19263
1.43942 -7.11449
1.95898 -6.24995
7.7741 -6.57763
8.44281 -6.63051
7.35311 -6.53023
1.84025 -6.44431
6.66707 -6.41972
3.1299 -5.31812
1.05576 -7.65613
8.88433 -6.6548
1.02233 -7.69366
4.79777 -5.83097
2.70321 -5.43194
1.99724 -6.18952
2.87736 -5.35976
6.57643 -6.40136
9.47001 -6.67849
2.21918 -5.87116
5.06915 -5.94131
7.78463 -6.57865
9.36349 -6.67475
1.42119 -7.14353
2.94601 -5.34174
5.61007 -6.14009
6.4452 -6.37303
8.73414 -6.64727
2.32848 -5.73947
6.73996 -6.43378
6.29359 -6.33762
8.32555 -6.62282
8.12997 -6.60863
7.73301 -6.57356
0.284525 -7.616
5.90407 -6.23278
6.17582 -6.30806
7.63764 -6.56367
7.74432 -6.57469
2.84289 -5.37092
0.767534 -7.89169
8.80009 -6.65066
1.72722 -6.63506
1.78987 -6.52895
3.59786 -5.376
4.43043 -5.67704
3.7871 -5.43062
6.47522 -6.3797
1.00686 -7.71029
3.25711 -5.31958
8.6944 -6.64516
6.076 -6.28157
1.04174 -7.67213
8.05789 -6.60292
7.49719 -6.54794
3.98775 -5.50019
3.66796 -5.39473
3.94239 -5.48363
2.72189 -5.42223
5.99644 -6.25949
0.682348 -7.91271
9.01549 -6.66082
4.32199 -5.632
8.81232 -6.65128
6.7485 -6.43539
4.60652 -5.75097
4.71639 -5.79706
2.92432 -5.34685
2.24415 -5.83946
2.46071 -5.60548
5.76721 -6.19107
3.01169 -5.32941
1.2608 -7.38727
7.49443 -6.54762
4.80156 -5.83254
4.85866 -5.85615
1.92486 -6.30486
8.58866 -6.63929
1.33388 -7.27906
2.93171 -5.34504
1.84577 -6.43509
0.0282779 -7.14048
9.00772 -6.66048
2.88752 -5.35675
8.08617 -6.6052
6.50491 -6.38618
6.87527 -6.45833
1.75413 -6.58941
0.447295 -7.81804
9.59716 -6.68269
7.75058 -6.57531
1.12964 -7.56623
8.61265 -6.64065
2.07257 -6.07476
9.94196 -6.69282
5.36115 -6.0528
6.67908 -6.42208
4.65835 -5.77274
8.28546 -6.62006
8.92324 -6.65663
7.11906 -6.49771
4.05267 -5.52456
1.93493 -6.28856
8.37986 -6.62645
1.54711 -6.93878
6.73648 -6.43313
3.23852 -5.31858
3.47196 -5.34774
5.32514 -6.03955
4.5724 -5.73662
6.40368 -6.36363
7.17092 -6.50534
4.60067 -5.74851
5.4114 -6.07104
0.0584319 -7.201
2.68684 -5.44084
1.9163 -6.31876
6.9337 -6.46832
4.44097 -5.68145
2.3636 -5.70114
6.53087 -6.39176
2.19155 -5.90728
3.49324 -5.35198
5.14352 -5.97053
4.26412 -5.60827
3.4352 -5.34097
0.504663 -7.86303
0.943199 -7.77329
8.09355 -6.60578
8.79013 -6.65016
9.86644 -6.69075
5.21261 -5.9972
2.8428 -5.37095
1.80136 -6.50957
3.59247 -5.37464
4.3899 -5.66014
8.53785 -6.63632
6.83098 -6.45051
7.86187 -6.58596
3.86299 -5.45576
1.40338 -7.17166
4.26555 -5.60885
1.0339 -7.68092
6.00405 -6.26164
9.67694 -6.68519
1.09233 -7.61276
8.6909 -6.64498
1.59324 -6.86175
8.02604 -6.60032
3.13187 -5.31804
3.95684 -5.48886
4.5569 -5.73011
5.32342 -6.03891
7.45008 -6.54233
9.70042 -6.68591
9.58753 -6.68238
0.885283 -7.82214
0.205084 -7.483
0.530733 -7.87874
8.97883 -6.65919
8.99521 -6.65992
0.39717 -7.76717
4.19144 -5.57889
1.83801 -6.44806
2.19853 -5.89805
7.78391 -6.57858
6.22791 -6.32136
0.736379 -7.90247
4.61489 -5.75449
4.08978 -5.53882
4.59937 -5.74796
6.01827 -6.26563
