0 -0.215753
1 -0.215753
2 -0.215753
3 -0.215753
4 -0.215753
5 -0.215753
6 -0.215753
7 -0.215753
8 -0.215753
9 -0.215753
10 -0.215753
11 -0.215753
12 -0.215753
13 -0.215753
14 -0.215753
15 -0.215753
16 -0.215753
17 -0.215753
18 -0.215753
19 -0.215753
20 -0.215753
21 -0.215753
22 -0.215753
23 -0.215753
24 -0.215753
25 -0.215753
26 -0.215753
27 -0.215753
28 -0.215753
29 -0.215753
30 -0.215753
31 -0.215753
32 -0.215753
33 -0.215753
34 -0.215753
35 -0.215753
36 -0.215753
37 -0.215753
38 -0.215753
39 -0.215753
40 -0.215753
41 -0.215753
42 -0.215753
43 -0.215753
44 -0.215753
45 -0.215753
46 -0.215753
47 -0.215753
48 -0.215753
49 -0.215753
50 -0.215753
51 -0.215753
52 -0.215753
53 -0.215753
54 -0.215753
55 -0.215753
56 -0.215753
57 -0.215753
58 -0.215753
59 -0.215753
60 -0.215753
61 -0.215753
62 -0.215753
63 -0.215753
64 -0.215753
65 -0.215753
66 -0.215753
67 -0.215753
68 -0.215753
69 -0.215753
70 -0.215753
71 -0.215753
72 -0.215753
73 -0.215753
74 -0.215753
75 -0.215753
76 -0.215753
77 -0.215753
78 -0.215753
79 -0.215753
80 -0.215753
81 -0.215753
82 -0.215753
83 -0.215753
84 -0.215753
85 -0.215753
86 -0.215753
87 -0.215753
88 -0.215753
89 -0.215753
90 -0.215753
91 -0.215753
92 -0.215753
93 -0.215753
94 -0.215753
95 -0.215753
96 -0.215753
97 -0.215753
98 -0.215753
99 -0.215753
