100 -0.0323979
101 -0.0323979
102 -0.138305
103 -0.138305
104 -0.124317
105 -0.124317
106 -0.138305
107 -0.138305
108 0.250228
109 0.250228
110 -0.138305
111 -0.138305
112 -0.147434
113 -0.147434
114 -0.138305
115 -0.138305
116 -0.192003
117 -0.192003
118 -0.138305
119 -0.138305
120 -0.2751
121 -0.2751
122 -0.138305
123 -0.138305
124 -0.425291
125 -0.425291
126 -0.138305
127 -0.138305
128 -0.121887
129 -0.121887
130 -0.138305
131 -0.138305
132 0.146626
133 0.146626
134 -0.138305
135 -0.138305
136 -0.226374
137 -0.226374
138 -0.138305
139 -0.138305
140 0.0422595
141 0.0422595
142 -0.138305
143 -0.138305
144 -0.138159
145 -0.138159
146 -0.138305
147 -0.138305
148 -0.137258
149 -0.137258
150 -0.138305
151 -0.138305
152 -0.136007
153 -0.136007
154 0.227364
155 0.227364
156 -0.109449
157 -0.109449
158 -0.138305
159 -0.138305
160 -0.154563
161 -0.154563
162 -0.138305
163 -0.138305
164 -0.0323979
165 -0.0323979
166 -0.138305
167 -0.138305
168 -0.124317
169 -0.124317
170 -0.138305
171 -0.138305
172 0.250228
173 0.250228
174 -0.138305
175 -0.138305
176 -0.147434
177 -0.147434
178 -0.138305
179 -0.138305
180 -0.192003
181 -0.192003
182 -0.138305
183 -0.138305
184 -0.2751
185 -0.2751
186 -0.138305
187 -0.138305
188 -0.425291
189 -0.425291
190 -0.138305
191 -0.138305
192 -0.121887
193 -0.121887
194 -0.138305
195 -0.138305
196 0.146626
197 0.146626
198 -0.138305
199 -0.138305
