100 -0.068321
101 -0.068321
102 -0.068321
103 -0.068321
104 -0.068321
105 -0.068321
106 -0.068321
107 -0.068321
108 -0.068321
109 -0.068321
110 -0.068321
111 -0.068321
112 -0.068321
113 -0.068321
114 -0.068321
115 -0.068321
116 -0.068321
117 -0.068321
118 -0.068321
119 -0.068321
120 -0.068321
121 -0.068321
122 -0.068321
123 -0.068321
124 -0.068321
125 -0.068321
126 -0.068321
127 -0.068321
128 -0.068321
129 -0.068321
130 -0.068321
131 -0.068321
132 -0.068321
133 -0.068321
134 -0.068321
135 -0.068321
136 -0.068321
137 -0.068321
138 -0.068321
139 -0.068321
140 -0.068321
141 -0.068321
142 -0.068321
143 -0.068321
144 -0.068321
145 -0.068321
146 -0.068321
147 -0.068321
148 -0.068321
149 -0.068321
150 -0.068321
151 -0.068321
152 -0.068321
153 -0.068321
154 -0.068321
155 -0.068321
156 -0.068321
157 -0.068321
158 -0.068321
159 -0.068321
160 -0.068321
161 -0.068321
162 -0.068321
163 -0.068321
164 -0.068321
165 -0.068321
166 -0.068321
167 -0.068321
168 -0.068321
169 -0.068321
170 -0.068321
171 -0.068321
172 -0.068321
173 -0.068321
174 -0.068321
175 -0.068321
176 -0.068321
177 -0.068321
178 -0.068321
179 -0.068321
180 -0.068321
181 -0.068321
182 -0.068321
183 -0.068321
184 -0.068321
185 -0.068321
186 -0.068321
187 -0.068321
188 -0.068321
189 -0.068321
190 -0.068321
191 -0.068321
192 -0.068321
193 -0.068321
194 -0.068321
195 -0.068321
196 -0.068321
197 -0.068321
198 -0.068321
199 -0.068321
