0 -0.056486
1 -0.056486
2 -0.227408
3 -0.227408
4 -0.224283
5 -0.224283
6 -0.127773
7 -0.127773
8 -1.63297
9 -1.63297
10 -0.180557
11 -0.180557
12 -0.226646
13 -0.226646
14 -1.35954
15 -1.35954
16 -1.65678
17 -1.65678
18 -0.224926
19 -0.224926
20 -0.227473
21 -0.227473
22 -1.39136
23 -1.39136
24 -0.226587
25 -0.226587
26 -0.226491
27 -0.226491
28 -1.39997
29 -1.39997
30 0.428276
31 0.428276
32 -0.972478
33 -0.972478
34 -0.227408
35 -0.227408
36 -0.180876
37 -0.180876
38 -0.180557
39 -0.180557
40 0.177263
41 0.177263
42 -0.227408
43 -0.227408
44 -0.218221
45 -0.218221
46 -0.0420642
47 -0.0420642
48 -0.221014
49 -0.221014
50 -0.0418947
51 -0.0418947
52 -0.227086
53 -0.227086
54 -0.19922
55 -0.19922
56 -0.225121
57 -0.225121
58 -0.209818
59 -0.209818
60 -0.227753
61 -0.227753
62 -0.213806
63 -0.213806
64 -1.36788
65 -1.36788
66 -0.227408
67 -0.227408
68 -0.197718
69 -0.197718
70 -0.224341
71 -0.224341
72 -0.141799
73 -0.141799
74 -0.030891
75 -0.030891
76 -1.39443
77 -1.39443
78 0.307772
79 0.307772
80 -0.214819
81 -0.214819
82 -0.127677
83 -0.127677
84 -1.1615
85 -1.1615
86 -0.203888
87 -0.203888
88 -0.221933
89 -0.221933
90 -0.209823
91 -0.209823
92 -0.227272
93 -0.227272
94 -0.890388
95 -0.890388
96 -0.227408
97 -0.227408
98 -0.227408
99 -0.227408
