0 -0.173947
1 -0.173947
2 -0.124405
3 -0.124405
4 -0.222799
5 -0.222799
6 -0.124405
7 -0.124405
8 -0.139758
9 -0.139758
10 -0.124405
11 -0.124405
12 -0.401082
13 -0.401082
14 -0.124405
15 -0.124405
16 -0.288824
17 -0.288824
18 -0.124405
19 -0.124405
20 -0.179418
21 -0.179418
22 -0.124405
23 -0.124405
24 -0.154759
25 -0.154759
26 -0.124405
27 -0.124405
28 -0.278808
29 -0.278808
30 -0.124405
31 -0.124405
32 -0.274533
33 -0.274533
34 -0.124405
35 -0.124405
36 0.133389
37 0.133389
38 -0.124405
39 -0.124405
40 -0.530841
41 -0.530841
42 -0.124405
43 -0.124405
44 0.0701516
45 0.0701516
46 -0.124405
47 -0.124405
48 -0.133029
49 -0.133029
50 -0.124405
51 -0.124405
52 -0.70597
53 -0.70597
54 -0.124405
55 -0.124405
56 -0.579973
57 -0.579973
58 -0.124405
59 -0.124405
60 -0.196388
61 -0.196388
62 -0.124405
63 -0.124405
64 0.0205997
65 0.0205997
66 -0.124405
67 -0.124405
68 0.0781674
69 0.0781674
70 -0.124405
71 -0.124405
72 -0.107003
73 -0.107003
74 -0.124405
75 -0.124405
76 -0.239984
77 -0.239984
78 -0.430073
79 -0.430073
80 -0.134128
81 -0.134128
82 -0.124405
83 -0.124405
84 -0.132343
85 -0.132343
86 -0.124405
87 -0.124405
88 -0.126251
89 -0.126251
90 -0.124405
91 -0.124405
92 -0.150657
93 -0.150657
94 -0.124405
95 -0.124405
96 0.24495
97 0.24495
98 -0.124405
99 -0.124405
