100 -0.0513957
101 -0.0513957
102 -0.101324
103 -0.101324
104 -0.0163743
105 -0.0163743
106 -0.101324
107 -0.101324
108 -0.0744686
109 -0.0744686
110 -0.101324
111 -0.101324
112 -0.0175745
113 -0.0175745
114 -0.101324
115 -0.101324
116 -0.100656
117 -0.100656
118 -0.0513957
119 -0.0513957
120 -0.0986897
121 -0.0986897
122 -0.0513957
123 -0.0513957
124 0.0456649
125 0.0456649
126 -0.0894211
127 -0.0894211
128 0.0955027
129 0.0955027
130 -0.101324
131 -0.101324
132 -0.0894211
133 -0.0894211
134 -0.101324
135 -0.101324
136 -0.0841368
137 -0.0841368
138 -0.101324
139 -0.101324
140 0.04737
141 0.04737
142 -0.101324
143 -0.101324
144 -0.0957932
145 -0.0957932
146 -0.0744686
147 -0.0744686
148 0.0456075
149 0.0456075
150 -0.0965886
151 -0.0965886
152 -0.101192
153 -0.101192
154 0.0503098
155 0.0503098
156 -0.0873863
157 -0.0873863
158 -0.100656
159 -0.100656
160 0.0955027
161 0.0955027
162 -0.101324
163 -0.101324
164 -0.0744686
165 -0.0744686
166 -0.101324
167 -0.101324
168 -0.060535
169 -0.060535
170 -0.101324
171 -0.101324
172 -0.0965886
173 -0.0965886
174 -0.101324
175 -0.101324
176 -0.0867225
177 -0.0867225
178 -0.0513957
179 -0.0513957
180 -0.101233
181 -0.101233
182 -0.0894211
183 -0.0894211
184 -0.100966
185 -0.100966
186 0.0574773
187 0.0574773
188 -0.0662906
189 -0.0662906
190 -0.0995283
191 -0.0995283
192 -0.101324
193 -0.101324
194 -0.101324
195 -0.101324
196 -0.0513957
197 -0.0513957
198 -0.101324
199 -0.101324
