100 -0.141328
101 -0.141328
102 -0.141328
103 -0.141328
104 -0.141328
105 -0.141328
106 -0.141328
107 -0.141328
108 -0.141328
109 -0.141328
110 -0.141328
111 -0.141328
112 -0.141328
113 -0.141328
114 -0.141328
115 -0.141328
116 -0.141328
117 -0.141328
118 -0.141328
119 -0.141328
120 -0.141328
121 -0.141328
122 -0.141328
123 -0.141328
124 -0.141328
125 -0.141328
126 -0.141328
127 -0.141328
128 -0.141328
129 -0.141328
130 -0.141328
131 -0.141328
132 -0.141328
133 -0.141328
134 -0.141328
135 -0.141328
136 -0.141328
137 -0.141328
138 -0.141328
139 -0.141328
140 -0.141328
141 -0.141328
142 -0.141328
143 -0.141328
144 -0.141328
145 -0.141328
146 -0.141328
147 -0.141328
148 -0.141328
149 -0.141328
150 -0.141328
151 -0.141328
152 -0.141328
153 -0.141328
154 -0.141328
155 -0.141328
156 -0.141328
157 -0.141328
158 -0.141328
159 -0.141328
160 -0.141328
161 -0.141328
162 -0.141328
163 -0.141328
164 -0.141328
165 -0.141328
166 -0.141328
167 -0.141328
168 -0.141328
169 -0.141328
170 -0.141328
171 -0.141328
172 -0.141328
173 -0.141328
174 -0.141328
175 -0.141328
176 -0.141328
177 -0.141328
178 -0.141328
179 -0.141328
180 -0.141328
181 -0.141328
182 -0.141328
183 -0.141328
184 -0.141328
185 -0.141328
186 -0.141328
187 -0.141328
188 -0.141328
189 -0.141328
190 -0.141328
191 -0.141328
192 -0.141328
193 -0.141328
194 -0.141328
195 -0.141328
196 -0.141328
197 -0.141328
198 -0.141328
199 -0.141328
