0 -0.215769
1 -0.215769
2 -0.251481
3 -0.251481
4 -0.0322345
5 -0.0322345
6 -0.251481
7 -0.251481
8 -0.0859332
9 -0.0859332
10 -0.251481
11 -0.251481
12 -0.251481
13 -0.251481
14 -0.251481
15 -0.251481
16 -0.236239
17 -0.236239
18 -0.251481
19 -0.251481
20 -0.201282
21 -0.201282
22 -0.251481
23 -0.251481
24 -0.248182
25 -0.248182
26 -0.251481
27 -0.251481
28 -0.209775
29 -0.209775
30 -0.251481
31 -0.251481
32 -0.0796611
33 -0.0796611
34 -0.251481
35 -0.251481
36 0.102584
37 0.102584
38 -0.251481
39 -0.251481
40 -0.15582
41 -0.15582
42 -0.251481
43 -0.251481
44 -0.251481
45 -0.251481
46 -0.251481
47 -0.251481
48 -0.237111
49 -0.237111
50 -0.251481
51 -0.251481
52 -0.37174
53 -0.37174
54 -0.251481
55 -0.251481
56 -0.274026
57 -0.274026
58 -0.251481
59 -0.251481
60 -0.409226
61 -0.409226
62 -0.251481
63 -0.251481
64 -0.215769
65 -0.215769
66 -0.251481
67 -0.251481
68 -0.0322345
69 -0.0322345
70 -0.251481
71 -0.251481
72 -0.0859332
73 -0.0859332
74 -0.251481
75 -0.251481
76 -0.251481
77 -0.251481
78 -0.251481
79 -0.251481
80 -0.236239
81 -0.236239
82 -0.251481
83 -0.251481
84 -0.201282
85 -0.201282
86 -0.251481
87 -0.251481
88 -0.248182
89 -0.248182
90 -0.251481
91 -0.251481
92 -0.209775
93 -0.209775
94 -0.251481
95 -0.251481
96 -0.0796611
97 -0.0796611
98 -0.251481
99 -0.251481
