100 -0.0687207
101 -0.0687207
102 -0.0687207
103 -0.0687207
104 -0.0259584
105 -0.0259584
106 -0.0687207
107 -0.0687207
108 -0.0687207
109 -0.0687207
110 -0.0687207
111 -0.0687207
112 -0.0724473
113 -0.0724473
114 -0.0259584
115 -0.0259584
116 -0.173482
117 -0.173482
118 -0.0687207
119 -0.0687207
120 -0.072199
121 -0.072199
122 -0.0687207
123 -0.0687207
124 -0.157389
125 -0.157389
126 -0.0687207
127 -0.0687207
128 -0.096841
129 -0.096841
130 -0.0687207
131 -0.0687207
132 -0.0687207
133 -0.0687207
134 -0.0687207
135 -0.0687207
136 -0.0687207
137 -0.0687207
138 -0.0687207
139 -0.0687207
140 -0.0687207
141 -0.0687207
142 -0.0687207
143 -0.0687207
144 -0.0681888
145 -0.0681888
146 -0.0687207
147 -0.0687207
148 -0.0754248
149 -0.0754248
150 -0.0687207
151 -0.0687207
152 -0.0663931
153 -0.0663931
154 -0.0687207
155 -0.0687207
156 0.000572309
157 0.000572309
158 -0.0687207
159 -0.0687207
160 -0.0497672
161 -0.0497672
162 -0.0687207
163 -0.0687207
164 -0.0687207
165 -0.0687207
166 -0.0687207
167 -0.0687207
168 -0.0259584
169 -0.0259584
170 -0.0687207
171 -0.0687207
172 -0.0687207
173 -0.0687207
174 -0.0687207
175 -0.0687207
176 -0.0724473
177 -0.0724473
178 -0.0259584
179 -0.0259584
180 -0.173482
181 -0.173482
182 -0.0687207
183 -0.0687207
184 -0.072199
185 -0.072199
186 -0.0687207
187 -0.0687207
188 -0.157389
189 -0.157389
190 -0.0687207
191 -0.0687207
192 -0.096841
193 -0.096841
194 -0.0687207
195 -0.0687207
196 -0.0687207
197 -0.0687207
198 -0.0687207
199 -0.0687207
