100 -0.207946
101 -0.207946
102 -0.20284
103 -0.20284
104 -0.196825
105 -0.196825
106 -0.20284
107 -0.20284
108 -0.20284
109 -0.20284
110 -0.20284
111 -0.20284
112 -0.161838
113 -0.161838
114 -0.20284
115 -0.20284
116 -0.203324
117 -0.203324
118 -0.20284
119 -0.20284
120 -0.205545
121 -0.205545
122 -0.0874859
123 -0.0874859
124 -0.160309
125 -0.160309
126 -0.20284
127 -0.20284
128 -0.191667
129 -0.191667
130 -0.20284
131 -0.20284
132 -0.205586
133 -0.205586
134 -0.20284
135 -0.20284
136 -0.207931
137 -0.207931
138 -0.0874859
139 -0.0874859
140 -0.164198
141 -0.164198
142 -0.20284
143 -0.20284
144 -0.203283
145 -0.203283
146 -0.159092
147 -0.159092
148 -0.186629
149 -0.186629
150 -0.20284
151 -0.20284
152 -0.203324
153 -0.203324
154 -0.202729
155 -0.202729
156 -0.202983
157 -0.202983
158 -0.159092
159 -0.159092
160 1.0082
161 1.0082
162 -0.20284
163 -0.20284
164 -0.207946
165 -0.207946
166 -0.20284
167 -0.20284
168 -0.201932
169 -0.201932
170 -0.20284
171 -0.20284
172 -0.207946
173 -0.207946
174 -0.20284
175 -0.20284
176 -0.160309
177 -0.160309
178 -0.20284
179 -0.20284
180 -0.203023
181 -0.203023
182 -0.20284
183 -0.20284
184 -0.204016
185 -0.204016
186 -0.0874859
187 -0.0874859
188 -0.159576
189 -0.159576
190 -0.20284
191 -0.20284
192 -0.20284
193 -0.20284
194 -0.20284
195 -0.20284
196 -0.207946
197 -0.207946
198 -0.20284
199 -0.20284
