100 -0.150395
101 -0.150395
102 -0.0627943
103 -0.0627943
104 -0.867209
105 -0.867209
106 -0.0950072
107 -0.0950072
108 -0.176278
109 -0.176278
110 -0.150395
111 -0.150395
112 -0.0627943
113 -0.0627943
114 -0.177818
115 -0.177818
116 -0.150395
117 -0.150395
118 -0.0627943
119 -0.0627943
120 -0.166907
121 -0.166907
122 -0.0627943
123 -0.0627943
124 -0.176278
125 -0.176278
126 -0.150395
127 -0.150395
128 -1.25378
129 -1.25378
130 -0.182246
131 -0.182246
132 -0.115949
133 -0.115949
134 -0.177818
135 -0.177818
136 0.159152
137 0.159152
138 0.113546
139 0.113546
140 -1.25096
141 -1.25096
142 -0.127935
143 -0.127935
144 -0.0627943
145 -0.0627943
146 -0.177818
147 -0.177818
148 -0.115949
149 -0.115949
150 -0.177818
151 -0.177818
152 -1.74618
153 -1.74618
154 -0.0672227
155 -0.0672227
156 -0.17368
157 -0.17368
158 -0.115949
159 -0.115949
160 -0.150395
161 -0.150395
162 -0.958281
163 -0.958281
164 -0.17368
165 -0.17368
166 -0.115949
167 -0.115949
168 -0.876579
169 -0.876579
170 -0.162382
171 -0.162382
172 -0.177608
173 -0.177608
174 -0.17368
175 -0.17368
176 -0.150395
177 -0.150395
178 -0.0627943
179 -0.0627943
180 -0.17368
181 -0.17368
182 -0.115949
183 -0.115949
184 -0.176278
185 -0.176278
186 -0.150395
187 -0.150395
188 -0.177608
189 -0.177608
190 -0.17368
191 -0.17368
192 -0.177818
193 -0.177818
194 -0.177818
195 -0.177818
196 -0.0627943
197 -0.0627943
198 -0.177818
199 -0.177818
