-1.9846	-1.99074	-0.0145478
-1.9861	-1.97361	-0.00587945
-1.98508	-1.93584	-0.0104648
-1.98281	-1.89019	-0.0107791
-1.9872	-1.84582	0.00257555
-1.98724	-1.78084	-0.00867977
-1.98409	-1.71615	-0.00102856
-1.98431	-1.63124	-0.023564
-1.98349	-1.5501	-0.00939148
-1.98433	-1.47572	0.0100792
-1.98676	-1.37868	0.00204128
-1.98277	-1.27562	0.00825805
-1.98811	-1.17495	0.00606585
-1.98772	-1.1104	-0.00548892
-1.98597	-1.04812	0.0092094
-1.98494	-0.956701	0.015472
-1.9854	-0.858028	0.0122679
-1.98862	-0.761625	0.00543724
-1.98464	-0.669325	0.00701948
-1.98676	-0.560266	0.00709896
-1.98427	-0.459311	0.0110448
-1.98358	-0.36565	0.00986845
-1.983	-0.289526	0.0398726
-1.98622	-0.193006	0.0718744
-1.98425	-0.106804	0.105163
-1.98217	0.00517677	0.127239
-1.9823	0.0904357	0.121466
-1.98399	0.190054	0.080451
-1.98028	0.294161	0.0559637
-1.97889	0.409138	0.0376996
-1.97148	0.543905	-0.00684922
-1.97943	0.637142	-0.0205802
-1.98218	0.722659	-0.0169423
-1.97613	0.863427	0.0135424
-1.97412	0.961571	0.0141288
-1.97708	1.0705	0.023002
-1.96332	1.16667	1.18716e-05
-1.95146	1.31456	0.0109389
-1.95426	1.45286	0.00283961
-1.72734	1.87608	-0.0258661

-1.97057	-1.98879	-0.00656107
-1.97577	-1.97553	-0.014004
-1.97962	-1.94886	-0.00920353
-1.98115	-1.90843	0.0051782
-1.98443	-1.86166	0.0140318
-1.9865	-1.80485	0.0167397
-1.9861	-1.75289	0.0160338
-1.98729	-1.68789	0.00971572
-1.98623	-1.61279	-0.0100162
-1.98544	-1.53509	0.00696111
-1.98704	-1.43247	0.0109477
-1.98496	-1.33266	0.019413
-1.98448	-1.23067	0.00331198
-1.98434	-1.14672	0.0049659
-1.9854	-1.07291	0.0123973
-1.98445	-0.966872	0.00529694
-1.98492	-0.882409	0.0034003
-1.98859	-0.779259	-0.00706305
-1.98768	-0.695391	-0.00420123
-1.98494	-0.60905	0.00422328
-1.98458	-0.530051	0.0209075
-1.98344	-0.432184	0.0117872
-1.98218	-0.350854	0.0380836
-1.98458	-0.241787	0.0651025
-1.98253	-0.153387	0.100533
-1.98248	-0.0395416	0.112511
-1.9829	0.06977	0.128068
-1.98357	0.155233	0.0953374
-1.98148	0.263628	0.0629
-1.98152	0.367357	0.0111118
-1.97983	0.489239	-0.0130143
-1.98269	0.595062	-0.0174346
-1.98588	0.688114	-0.0123436
-1.98175	0.803835	2.99211e-05
-1.98039	0.89768	0.00437582
-1.97844	1.0225	0.0182397
-1.96188	1.13515	-0.00218475
-1.92899	1.30084	0.0297495
-1.92233	1.41241	0.00375898
-1.73406	1.81306	-0.00687182

-1.93663	-1.98929	-0.00506366
-1.94938	-1.97894	-0.0202268
-1.96405	-1.95505	-0.0162042
-1.96873	-1.92412	0.00394485
-1.96895	-1.88246	0.0110505
-1.97711	-1.83212	0.0133558
-1.98	-1.78255	-0.00103246
-1.98047	-1.71385	0.000830749
-1.98119	-1.64296	0.000967818
-1.9828	-1.59006	0.0182034
-1.9857	-1.50538	-0.000387845
-1.98578	-1.41436	0.00767217
-1.97886	-1.29617	0.00917547
-1.97912	-1.22604	0.00330635
-1.97816	-1.13645	-0.000143272
-1.98052	-1.01595	-0.00957045
-1.97644	-0.909828	-0.0323356
-1.97844	-0.849476	-0.0223156
-1.98111	-0.74249	-0.0166274
-1.9796	-0.64805	-0.00134343
-1.98025	-0.572012	0.00637831
-1.98248	-0.479781	0.0152648
-1.98029	-0.381855	0.0380497
-1.97909	-0.268525	0.0637468
-1.98063	-0.181596	0.0910782
-1.97524	-0.0848749	0.151004
-1.9802	0.0253932	0.139514
-1.98087	0.119678	0.116328
-1.9785	0.236009	0.0863684
-1.98151	0.322949	0.0322191
-1.98535	0.416946	0.0123486
-1.97875	0.514342	0.00589431
-1.97716	0.603409	-0.00753699
-1.97789	0.707529	0.00258965
-1.97577	0.819864	-0.00569465
-1.97368	0.933731	0.0144345
-1.95981	1.06753	0.00530997
-1.9197	1.25995	0.0268992
-1.88338	1.37126	0.016001
-1.74232	1.67762	0.00710017

-1.9003	-1.98938	-0.0137299
-1.9159	-1.98008	-0.0233222
-1.93223	-1.9641	-0.0098872
-1.94607	-1.9433	0.0099974
-1.95365	-1.90814	0.00779904
-1.96251	-1.8654	0.00607492
-1.96581	-1.81587	0.0105303
-1.96556	-1.75568	0.0081774
-1.96956	-1.67887	0.0084551
-1.97279	-1.61906	0.0218961
-1.97594	-1.52767	0.00937294
-1.97561	-1.45348	0.00788366
-1.97416	-1.3393	0.00762231
-1.97524	-1.26169	-0.000263456
-1.97082	-1.17618	0.00335463
-1.96962	-1.09741	0.0047909
-1.97243	-0.967488	-0.0212468
-1.97358	-0.882793	-0.00115874
-1.97633	-0.7941	0.00625172
-1.97492	-0.711838	0.0136332
-1.97387	-0.618773	-0.00210469
-1.97914	-0.518407	0.0111313
-1.97675	-0.430328	0.0317925
-1.97213	-0.3157	0.0799084
-1.9723	-0.226167	0.126436
-1.96813	-0.144994	0.182327
-1.97149	-0.048811	0.180577
-1.97149	0.0586009	0.18305
-1.96946	0.16958	0.166781
-1.97187	0.273363	0.10397
-1.97976	0.382793	0.0366375
-1.97535	0.476548	0.0180246
-1.97509	0.570494	0.00102953
-1.97442	0.676496	0.0157752
-1.9729	0.782553	0.00251343
-1.96951	0.882425	0.0151852
-1.94496	0.993051	0.0032094
-1.90311	1.1998	-0.000713982
-1.85105	1.31261	-0.00964754
-1.76474	1.55615	0.000351974

-1.83602	-1.99147	-0.0188453
-1.86639	-1.98702	-0.0176966
-1.89444	-1.97336	-0.0132651
-1.92087	-1.95258	0.000448987
-1.93759	-1.92232	0.00431937
-1.94342	-1.88644	-0.016387
-1.94781	-1.84691	-0.0075309
-1.95202	-1.78988	-0.000948241
-1.95489	-1.72876	0.0114677
-1.95588	-1.6604	0.0256647
-1.96071	-1.57792	0.0115829
-1.96281	-1.48581	0.00676705
-1.96039	-1.41638	0.00686395
-1.96065	-1.3271	0.00394343
-1.95973	-1.2404	0.0135273
-1.9593	-1.14847	0.0110156
-1.96087	-1.04592	0.00110801
-1.96022	-0.96019	0.00971619
-1.96231	-0.867601	0.0151381
-1.96104	-0.785477	0.0133174
-1.95749	-0.675648	0.0107238
-1.96139	-0.571296	0.0165538
-1.96008	-0.487033	0.0134438
-1.95652	-0.388731	0.0965126
-1.95507	-0.276603	0.172345
-1.95546	-0.197144	0.20963
-1.95852	-0.112937	0.221094
-1.95634	0.0136636	0.225428
-1.95337	0.0979392	0.21253
-1.95399	0.179363	0.186752
-1.95848	0.31486	0.13131
-1.96072	0.399539	0.0750553
-1.9642	0.494409	0.0342234
-1.9643	0.624574	0.0185446
-1.96087	0.728112	0.00874635
-1.95729	0.840405	0.00704524
-1.93171	0.948385	0.0102477
-1.8821	1.12194	-0.0184704
-1.79317	1.23616	-0.00682793
-1.72598	1.41771	0.00697927

-1.78587	-1.99164	-0.0141521
-1.81865	-1.98946	0.00384494
-1.84604	-1.97944	-0.000707292
-1.87221	-1.96127	0.0129905
-1.89493	-1.9403	0.0110606
-1.91587	-1.90575	-0.0103673
-1.92201	-1.87626	0.000915242
-1.9325	-1.82482	0.00906352
-1.93462	-1.77083	0.0215672
-1.93931	-1.70801	0.0270013
-1.93916	-1.64589	0.014949
-1.94382	-1.56026	-0.00398253
-1.94279	-1.47635	0.00291117
-1.9477	-1.40245	0.0117207
-1.94823	-1.32329	0.0185479
-1.94639	-1.21679	0.022269
-1.9539	-1.10423	0.0179081
-1.9535	-1.01765	0.0141062
-1.95302	-0.93607	0.00524611
-1.95091	-0.845632	0.00212353
-1.9446	-0.736318	0.00554034
-1.94719	-0.631204	0.0098691
-1.94852	-0.542084	0.0164211
-1.94268	-0.446977	0.0820859
-1.94338	-0.347427	0.162102
-1.94419	-0.262699	0.201694
-1.94556	-0.185697	0.23437
-1.94836	-0.0624435	0.243852
-1.94739	0.0569334	0.238418
-1.94499	0.137986	0.231763
-1.94605	0.247949	0.184419
-1.95085	0.34187	0.125534
-1.95365	0.443346	0.0483322
-1.95482	0.566239	-0.00766403
-1.94949	0.655107	-0.00485541
-1.94096	0.77008	0.00825487
-1.91972	0.903468	0.00626781
-1.86052	1.07299	0.0052937
-1.78065	1.17659	0.00706664
-1.6904	1.34527	0.0139265

-1.7191	-1.99161	-0.0157406
-1.76187	-1.99009	-0.00326774
-1.79003	-1.98118	0.00130331
-1.8206	-1.96495	0.0137078
-1.84372	-1.95019	0.00917088
-1.87577	-1.9229	-0.000814245
-1.88919	-1.89654	0.0127692
-1.90168	-1.85138	0.0222859
-1.91233	-1.80175	0.0132925
-1.92408	-1.73863	-0.00540017
-1.92733	-1.67741	-0.00212584
-1.93165	-1.60268	-0.0102432
-1.93423	-1.52348	0.00296883
-1.93799	-1.44262	0.0127983
-1.93476	-1.36462	-0.00879077
-1.93281	-1.29572	-0.0110187
-1.93869	-1.20409	-0.00542292
-1.94157	-1.08906	-0.0101579
-1.93749	-0.9986	-0.0224559
-1.93471	-0.928662	-0.0102795
-1.93727	-0.83052	0.00172948
-1.93996	-0.710918	-0.00225662
-1.9362	-0.613168	-0.00791149
-1.93068	-0.524926	0.0619233
-1.93363	-0.419825	0.146154
-1.93513	-0.312632	0.210904
-1.93648	-0.220234	0.256873
-1.92755	-0.12671	0.305722
-1.92456	-0.033572	0.304055
-1.92764	0.0542411	0.292853
-1.93205	0.159263	0.244714
-1.93741	0.264253	0.200979
-1.94293	0.371622	0.142263
-1.94424	0.494093	0.0637063
-1.9341	0.592848	0.0451552
-1.93068	0.707869	0.0383072
-1.91394	0.827093	0.013769
-1.85383	0.976559	-0.0189036
-1.7093	1.1248	0.043564
-1.61996	1.27498	0.0505465

-1.63765	-1.99229	-0.00108362
-1.70458	-1.98902	0.00462918
-1.73425	-1.97872	0.010013
-1.76464	-1.96724	-0.00631138
-1.79334	-1.95456	-0.00556597
-1.83499	-1.93285	-0.00160358
-1.84756	-1.91232	0.0033229
-1.8659	-1.87611	0.0111455
-1.88242	-1.83549	0.00580854
-1.89817	-1.77748	0.00519277
-1.9055	-1.72372	0.0139394
-1.91631	-1.64945	0.00020197
-1.91686	-1.57054	0.0133311
-1.91666	-1.4992	0.00968173
-1.9212	-1.41723	-0.00864262
-1.9262	-1.31863	-0.00426863
-1.92992	-1.24745	-0.00462148
-1.92881	-1.14642	-0.0100006
-1.92915	-1.03882	-0.0166216
-1.92662	-0.965596	-0.00588901
-1.92491	-0.886104	-0.00532117
-1.92412	-0.79512	-0.0114428
-1.92303	-0.682803	-0.00899943
-1.91776	-0.602673	0.0502964
-1.91551	-0.507081	0.155549
-1.91809	-0.395035	0.224133
-1.92274	-0.29913	0.267307
-1.91665	-0.190783	0.309403
-1.91611	-0.0887975	0.31251
-1.9203	0.00795494	0.315128
-1.91983	0.101742	0.294261
-1.92464	0.205142	0.263335
-1.92912	0.282824	0.229836
-1.93013	0.409275	0.165483
-1.9283	0.518927	0.104396
-1.91859	0.638949	0.0348455
-1.90882	0.768465	0.0167844
-1.83405	0.913463	0.0139418
-1.67131	1.0864	0.124622
-1.40207	1.52877	0.0535339

-1.54573	-1.99085	0.00108449
-1.60983	-1.98909	-0.00327994
-1.65866	-1.98188	0.00655547
-1.70587	-1.97063	0.00446458
-1.73169	-1.95778	-0.00409044
-1.77143	-1.94343	-0.00974371
-1.80003	-1.92193	-0.0052083
-1.833	-1.88308	0.00346086
-1.84847	-1.8518	0.00984015
-1.86866	-1.81013	0.00642254
-1.8786	-1.76337	-0.0034784
-1.88457	-1.70296	0.0138042
-1.88948	-1.64544	0.0166717
-1.89594	-1.56492	0.00716182
-1.89772	-1.48888	0.00263984
-1.9097	-1.38791	-0.0173437
-1.91162	-1.33084	-0.0148561
-1.90559	-1.2369	0.00228963
-1.9123	-1.12718	0.00935379
-1.91277	-1.04087	-0.00159102
-1.91391	-0.943581	-0.0126663
-1.91399	-0.839347	-0.0097202
-1.90947	-0.739842	0.0104964
-1.90849	-0.661748	0.0215435
-1.909	-0.583314	0.0996078
-1.90875	-0.472268	0.182107
-1.91063	-0.366376	0.276249
-1.90754	-0.288376	0.307417
-1.90363	-0.199408	0.335023
-1.91042	-0.083405	0.340237
-1.91089	0.00870299	0.331525
-1.91696	0.136164	0.307206
-1.91625	0.205366	0.289987
-1.91495	0.324657	0.253996
-1.91542	0.451007	0.197557
-1.91001	0.551305	0.117508
-1.88759	0.69633	0.0563769
-1.80393	0.847027	0.122168
-1.61682	1.01358	0.271256
-1.20816	1.73237	0.00878776

-1.45045	-1.9898	0.0130733
-1.52251	-1.98986	0.00717726
-1.57255	-1.98522	0.0199799
-1.62009	-1.97486	0.0195779
-1.66853	-1.96151	0.00357759
-1.71414	-1.94724	0.00679046
-1.741	-1.92817	-0.00499709
-1.77179	-1.90182	-0.01038
-1.7981	-1.87724	-0.00578432
-1.82532	-1.8427	0.00881337
-1.84476	-1.79591	0.00593738
-1.85698	-1.73609	0.00936634
-1.86931	-1.68272	0.0214515
-1.87433	-1.62214	-0.0100755
-1.87985	-1.54816	0.0043391
-1.88892	-1.44832	-0.00141045
-1.89038	-1.39842	-0.00790645
-1.89238	-1.31046	-0.00227957
-1.8997	-1.22783	-0.0007522
-1.89799	-1.13674	0.00656296
-1.89982	-1.03272	0.00688686
-1.8971	-0.935665	-0.0126844
-1.89388	-0.838372	0.00481
-1.89658	-0.714226	0.000830482
-1.89748	-0.638929	0.0620145
-1.89352	-0.543725	0.160158
-1.89972	-0.420022	0.253696
-1.90189	-0.323931	0.296623
-1.89765	-0.258467	0.324625
-1.89987	-0.178026	0.346543
-1.89408	-0.0681898	0.366874
-1.90056	0.045537	0.346332
-1.90139	0.134251	0.328376
-1.90282	0.278103	0.293222
-1.90479	0.426166	0.233558
-1.89977	0.487416	0.190877
-1.86424	0.634247	0.162013
-1.80276	0.795708	0.182288
-1.49925	0.968564	0.416448
-1.1813	1.62239	0.147647

-1.35766	-1.99055	0.00559379
-1.43011	-1.99033	0.0108602
-1.50202	-1.98678	0.00236705
-1.54283	-1.97828	-0.00201802
-1.58921	-1.96416	-0.0140411
-1.63085	-1.95306	0.0097709
-1.67415	-1.93783	-0.00140382
-1.71605	-1.91446	-0.00728354
-1.76351	-1.88526	-0.00694163
-1.7946	-1.85679	-0.00922953
-1.81524	-1.81656	0.00823612
-1.83233	-1.75727	0.0170942
-1.84924	-1.69835	0.0103592
-1.85837	-1.64453	-0.0150999
-1.86639	-1.58625	0.000579017
-1.87633	-1.48757	0.00629518
-1.876	-1.42309	0.0101623
-1.88006	-1.34189	0.0124252
-1.88806	-1.2621	-0.00393523
-1.88826	-1.18708	0.00756722
-1.88799	-1.09779	0.0102457
-1.8831	-1.00157	-0.00317895
-1.87948	-0.916381	-0.00216446
-1.87989	-0.810827	-0.00797326
-1.87576	-0.717406	0.0443843
-1.86909	-0.612184	0.175359
-1.86656	-0.529984	0.246348
-1.87453	-0.417457	0.303842
-1.88134	-0.31501	0.3391
-1.88114	-0.21581	0.357857
-1.88059	-0.0971936	0.377419
-1.88268	0.00180007	0.381051
-1.88252	0.0717891	0.373828
-1.88235	0.158918	0.344295
-1.88566	0.289441	0.301117
-1.88184	0.40943	0.272542
-1.85955	0.545799	0.251339
-1.77105	0.707753	0.331292
-1.51783	0.884127	0.484199
-1.25791	1.40888	0.306035

-1.26581	-1.99004	0.00901834
-1.31011	-1.99063	-0.00591916
-1.40219	-1.98718	-0.00786793
-1.46184	-1.9777	-0.020736
-1.51743	-1.96505	-0.0181878
-1.56616	-1.95333	0.00292298
-1.62216	-1.93876	0.0073999
-1.64918	-1.92255	0.0016316
-1.69788	-1.89745	-0.0119537
-1.73846	-1.87003	-0.014904
-1.76749	-1.83482	-0.0140911
-1.78141	-1.79995	-0.00481371
-1.79977	-1.74978	0.00426933
-1.81961	-1.69429	3.95997e-05
-1.83521	-1.6412	0.00712328
-1.84577	-1.56524	-0.00209817
-1.84819	-1.50522	0.000680456
-1.85322	-1.42249	0.00916126
-1.85873	-1.32404	-0.0111938
-1.86187	-1.25363	-0.00906246
-1.86514	-1.16463	0.00358631
-1.86363	-1.07214	0.000749245
-1.86421	-0.968782	0.01691
-1.86946	-0.896158	-0.00460325
-1.86153	-0.819038	0.00990146
-1.85573	-0.691723	0.126078
-1.85659	-0.585623	0.223004
-1.85859	-0.469729	0.324862
-1.85516	-0.402305	0.366481
-1.8528	-0.306536	0.382651
-1.86097	-0.194005	0.393766
-1.8595	-0.0928934	0.410864
-1.86139	0.01186	0.411221
-1.86967	0.112491	0.382973
-1.87273	0.214039	0.368949
-1.86503	0.337123	0.348804
-1.84552	0.476502	0.314295
-1.75673	0.634884	0.385128
-1.57535	0.820915	0.472487
-1.32236	1.18557	0.454118

-1.19679	-1.98791	-0.0105728
-1.25148	-1.98725	-0.00257368
-1.30841	-1.98571	0.00551073
-1.36345	-1.97908	-0.0134052
-1.43192	-1.96794	-0.0112585
-1.47684	-1.95584	-0.0146066
-1.54744	-1.9389	0.0169261
-1.59014	-1.92325	0.0132869
-1.63811	-1.90109	-0.000274891
-1.67819	-1.87624	-0.0106592
-1.71488	-1.84854	-0.00427992
-1.74008	-1.82207	-0.00952904
-1.76627	-1.77675	-0.00166528
-1.79249	-1.71571	-0.00315175
-1.80247	-1.67835	-0.0018068
-1.82053	-1.61228	-0.00940413
-1.83069	-1.54241	-0.00150458
-1.83248	-1.46824	0.00887056
-1.84489	-1.37426	-0.00686453
-1.84827	-1.29573	-0.000150578
-1.84941	-1.20798	0.000885386
-1.83934	-1.12442	-0.0159797
-1.84283	-1.03088	0.00760656
-1.85288	-0.94669	0.000295611
-1.84845	-0.868765	0.0033569
-1.84575	-0.762407	0.0766304
-1.8416	-0.672188	0.184291
-1.84564	-0.53169	0.313639
-1.84232	-0.453837	0.370367
-1.83816	-0.356834	0.413758
-1.84374	-0.265909	0.419583
-1.845	-0.167409	0.43362
-1.84404	-0.0591037	0.434661
-1.84399	0.0409709	0.429351
-1.84872	0.145819	0.40082
-1.84242	0.254937	0.403601
-1.82263	0.401923	0.396916
-1.72676	0.564019	0.459185
-1.43401	0.735931	0.558236
-1.21846	1.02576	0.553611

-1.09774	-1.98625	-0.0159733
-1.16285	-1.98747	0.00325903
-1.21765	-1.98364	0.00662821
-1.25727	-1.97745	0.00950255
-1.32706	-1.96866	0.0197901
-1.38421	-1.95811	0.00807653
-1.45676	-1.93895	0.016276
-1.50257	-1.92471	0.000666998
-1.5633	-1.90188	-0.00518078
-1.60877	-1.8864	-0.00283609
-1.65597	-1.86308	0.00513874
-1.68823	-1.83484	0.00333204
-1.71245	-1.80046	-0.00365556
-1.75486	-1.73789	-0.00807437
-1.7695	-1.7003	0.00570669
-1.7812	-1.6485	0.00607597
-1.79431	-1.5922	-0.00891133
-1.80623	-1.52743	-0.0141119
-1.81984	-1.44963	-0.01233
-1.82985	-1.35997	-0.000593808
-1.82773	-1.2805	0.00607155
-1.82425	-1.18033	-0.0173774
-1.82359	-1.07731	9.84269e-05
-1.82766	-0.996274	0.0229186
-1.82212	-0.937028	0.0144036
-1.82119	-0.84309	0.0698885
-1.81994	-0.754683	0.170454
-1.8231	-0.649839	0.271162
-1.82333	-0.541075	0.348507
-1.8263	-0.417677	0.400433
-1.81953	-0.327961	0.412897
-1.82128	-0.238075	0.432514
-1.82678	-0.133833	0.447858
-1.82762	-0.0421728	0.465775
-1.82867	0.0776906	0.448438
-1.82582	0.179185	0.424684
-1.81546	0.321504	0.409211
-1.71197	0.49556	0.475831
-1.47037	0.670751	0.575817
-1.13187	0.869529	0.60059

-1.01486	-1.9842	0.0175116
-1.06591	-1.98626	0.0063087
-1.14035	-1.98347	-8.79483e-05
-1.18745	-1.97727	0.000326242
-1.24897	-1.96718	-0.00192026
-1.29862	-1.9591	0.0072729
-1.36539	-1.94455	0.00163626
-1.42733	-1.92643	-0.00753094
-1.48867	-1.9108	-0.00540479
-1.54188	-1.89629	-0.0055477
-1.59578	-1.87385	-0.000849019
-1.6352	-1.8452	0.016204
-1.65466	-1.8171	-0.00155274
-1.70522	-1.7659	-0.0141173
-1.727	-1.72775	0.00429196
-1.74696	-1.67556	0.0163892
-1.75959	-1.61848	0.00583618
-1.77609	-1.5582	-0.00897304
-1.78476	-1.50133	-0.00947718
-1.80209	-1.41664	0.000179065
-1.80797	-1.35236	-0.0133172
-1.80574	-1.28172	-0.0074682
-1.80448	-1.17211	-0.000523527
-1.80892	-1.06689	0.0131241
-1.8056	-0.979797	0.0234111
-1.80454	-0.883069	0.0801124
-1.80394	-0.791093	0.180682
-1.80449	-0.712447	0.26872
-1.80447	-0.637271	0.335542
-1.81104	-0.524351	0.378663
-1.80593	-0.407135	0.420718
-1.79773	-0.303289	0.444697
-1.8063	-0.192669	0.458411
-1.80901	-0.109585	0.467605
-1.8131	0.0191368	0.463283
-1.81154	0.120467	0.444661
-1.80141	0.278672	0.430528
-1.71777	0.431936	0.477651
-1.51079	0.608848	0.578747
-1.08751	0.967595	0.602749

-0.937456	-1.98562	0.0224414
-0.992041	-1.98707	0.00300112
-1.04874	-1.98358	-0.00166302
-1.09663	-1.97622	-0.0024277
-1.16603	-1.96486	-0.0100949
-1.22691	-1.956	0.0175414
-1.26691	-1.94712	0.00234111
-1.35372	-1.93115	-0.00852893
-1.41118	-1.9162	-0.0160104
-1.46788	-1.89894	0.00297823
-1.51214	-1.88012	0.00753224
-1.5604	-1.85552	0.0128834
-1.58687	-1.83233	0.00875172
-1.64335	-1.79088	0.000145016
-1.67673	-1.75367	0.00230052
-1.70594	-1.70063	0.0138993
-1.72438	-1.64694	0.012587
-1.7442	-1.58955	0.00495006
-1.75296	-1.53668	-0.00757954
-1.77202	-1.46327	0.00722445
-1.7859	-1.39045	-0.00218783
-1.78585	-1.33058	-0.00255477
-1.7907	-1.22776	0.0143539
-1.78955	-1.16291	0.0134497
-1.78681	-1.05216	0.0163914
-1.78814	-0.956019	0.0254181
-1.78483	-0.873987	0.128088
-1.79025	-0.761995	0.251253
-1.78826	-0.692715	0.325065
-1.79265	-0.612894	0.354923
-1.78723	-0.511121	0.411437
-1.78511	-0.395058	0.458616
-1.79148	-0.265723	0.460755
-1.78877	-0.163529	0.462899
-1.78946	-0.0369379	0.486097
-1.79743	0.0486341	0.473669
-1.7807	0.213406	0.478272
-1.71255	0.356614	0.49689
-1.38876	0.545109	0.62704
-0.824728	1.05029	0.628834

-0.827844	-1.98686	0.0142996
-0.880701	-1.98697	-0.00643404
-0.925324	-1.98329	-0.00979939
-0.976759	-1.97622	-0.000288204
-1.05873	-1.9668	0.00206063
-1.13178	-1.9566	0.022916
-1.18135	-1.94771	-0.0010554
-1.25542	-1.93374	-0.00669287
-1.30618	-1.92033	-0.00442164
-1.38365	-1.90248	0.0140628
-1.43333	-1.88385	0.00660993
-1.47991	-1.86447	-0.0124653
-1.51664	-1.84409	-0.00947104
-1.57637	-1.80675	-0.000168255
-1.60805	-1.77394	0.0127728
-1.64581	-1.72631	0.0224287
-1.67744	-1.67994	0.0122433
-1.69306	-1.63988	0.00109345
-1.71329	-1.57152	-0.00368294
-1.73564	-1.50754	-0.00754886
-1.75373	-1.43479	0.00269524
-1.7588	-1.37664	0.00418887
-1.76829	-1.28343	0.0115771
-1.76044	-1.22329	-0.00826486
-1.75411	-1.12261	0.00407003
-1.76301	-1.02973	0.00771363
-1.76221	-0.962262	0.0744324
-1.76764	-0.836126	0.225457
-1.77035	-0.72662	0.334856
-1.77489	-0.642475	0.361976
-1.7703	-0.569313	0.398909
-1.76384	-0.486842	0.429208
-1.76481	-0.376894	0.448575
-1.76122	-0.27395	0.492958
-1.77625	-0.113662	0.50924
-1.77855	-0.0197972	0.488028
-1.75772	0.111813	0.506569
-1.68032	0.280384	0.533856
-1.4103	0.46979	0.626505
-0.70388	1.3982	0.539963

-0.731197	-1.9896	-0.00400874
-0.784611	-1.98641	-0.00896851
-0.835773	-1.98385	-0.0185365
-0.885029	-1.97399	-0.00352289
-0.962278	-1.96342	0.0102339
-1.03573	-1.95573	0.0177251
-1.09848	-1.94371	-0.017375
-1.16669	-1.93056	-0.00325479
-1.2235	-1.91681	0.00157587
-1.28846	-1.90413	0.00360404
-1.34932	-1.88821	0.0114032
-1.40957	-1.87084	-0.00159197
-1.45024	-1.85233	-0.00426044
-1.51692	-1.8159	-0.00761977
-1.55313	-1.78556	0.00690492
-1.5901	-1.74711	0.0238096
-1.63335	-1.70175	0.015172
-1.65029	-1.66052	-0.00301773
-1.67393	-1.59486	0.00267168
-1.69111	-1.54386	0.0096861
-1.71116	-1.47967	0.00941687
-1.72496	-1.40598	-0.0120961
-1.72761	-1.34371	0.00160858
-1.72707	-1.2761	-0.00225607
-1.73691	-1.16372	0.0145067
-1.74742	-1.06684	0.0167912
-1.74271	-0.99594	0.0939274
-1.74317	-0.895427	0.231266
-1.74058	-0.831029	0.29875
-1.74918	-0.720104	0.352726
-1.75426	-0.609631	0.406083
-1.749	-0.535671	0.43815
-1.74645	-0.435005	0.469024
-1.74461	-0.349094	0.502839
-1.75686	-0.21654	0.504338
-1.75007	-0.102027	0.509727
-1.72294	0.014683	0.54894
-1.66297	0.182413	0.555739
-1.47632	0.356358	0.645745
-0.639541	1.26988	0.597312

-0.655233	-1.99159	-0.00678268
-0.704976	-1.98607	-0.00728251
-0.749088	-1.97832	-0.0150957
-0.795116	-1.97046	-0.00269226
-0.874586	-1.96026	-0.00771792
-0.932747	-1.95439	0.00246858
-1.01473	-1.94121	-0.0230245
-1.07323	-1.93056	-0.0112727
-1.15363	-1.91427	0.00216884
-1.21323	-1.90403	-0.0038426
-1.27853	-1.88811	-0.00834368
-1.3398	-1.86991	-0.00975147
-1.38984	-1.85108	-0.0139969
-1.44978	-1.82286	-0.0103831
-1.49314	-1.79269	0.00196572
-1.53412	-1.75864	0.0196149
-1.56828	-1.7203	0.0186942
-1.59061	-1.67926	0.00256415
-1.62299	-1.62136	0.00508825
-1.64508	-1.57087	0.000710053
-1.659	-1.52183	-0.0059561
-1.68776	-1.44675	-0.00775614
-1.69781	-1.38196	-0.00108645
-1.69823	-1.31369	0.00616604
-1.70324	-1.24345	0.0214346
-1.7081	-1.14998	0.0106142
-1.70875	-1.06773	0.0540379
-1.71954	-0.963248	0.187264
-1.71953	-0.890052	0.267007
-1.71964	-0.800635	0.343364
-1.72532	-0.701952	0.391589
-1.72286	-0.634967	0.41902
-1.72382	-0.523784	0.454725
-1.73043	-0.406059	0.489828
-1.73452	-0.282176	0.515392
-1.72935	-0.176101	0.533293
-1.69993	-0.0469459	0.562512
-1.62661	0.100121	0.591913
-1.50997	0.250014	0.636151
-0.534235	1.38033	0.504226

-0.535375	-1.99065	0.000738802
-0.605067	-1.98781	0.00754415
-0.668242	-1.97906	0.00615879
-0.71357	-1.96928	-0.00837181
-0.789454	-1.9574	0.00203313
-0.83517	-1.95288	0.00922301
-0.9278	-1.9393	-0.00153321
-0.975844	-1.93165	0.00840727
-1.05366	-1.91695	0.00556009
-1.12435	-1.9011	0.0100481
-1.19591	-1.88731	-0.000595117
-1.26827	-1.86573	0.00113679
-1.31791	-1.85005	-0.0169215
-1.37086	-1.8312	-0.00841533
-1.4274	-1.80025	0.00302752
-1.45919	-1.77111	0.00855531
-1.48657	-1.74209	0.00956328
-1.53744	-1.69298	-0.0059841
-1.57162	-1.64779	-0.0109072
-1.59631	-1.60287	0.0036731
-1.60778	-1.56027	-0.00495641
-1.63315	-1.49888	0.0125684
-1.64804	-1.43131	0.00634283
-1.66615	-1.35553	3.29199e-05
-1.67139	-1.28695	-0.00408323
-1.67326	-1.2057	-0.000575372
-1.6818	-1.12159	0.0280339
-1.69744	-1.01881	0.145964
-1.69818	-0.942091	0.245769
-1.70129	-0.84385	0.352024
-1.70848	-0.749117	0.400326
-1.70372	-0.676877	0.44418
-1.70097	-0.59731	0.46879
-1.70418	-0.487996	0.507376
-1.70983	-0.374177	0.51913
-1.70973	-0.257499	0.540846
-1.67693	-0.103514	0.58161
-1.58603	0.050556	0.613848
-1.46052	0.174653	0.63568
-0.393835	1.36693	0.481558

-0.41254	-1.98986	0.0180803
-0.486975	-1.98866	-0.000749783
-0.550159	-1.98156	-0.0190119
-0.604811	-1.9751	-0.0134992
-0.70097	-1.96006	0.0145834
-0.7368	-1.95207	-0.00610935
-0.828153	-1.93926	-0.00833554
-0.900707	-1.92796	-0.00898339
-0.952219	-1.91832	-0.01086
-1.02443	-1.90191	0.00628026
-1.07704	-1.88889	0.000918333
-1.17104	-1.86684	0.00152843
-1.22831	-1.85646	-0.00203345
-1.27959	-1.84062	-0.00910882
-1.34663	-1.80876	0.00799181
-1.39378	-1.77737	0.00780367
-1.42227	-1.7478	0.000601925
-1.48247	-1.70515	-0.0076423
-1.51562	-1.66962	8.30496e-05
-1.54517	-1.62717	0.00693689
-1.57124	-1.57632	0.00542178
-1.59045	-1.52299	0.00871886
-1.61503	-1.45172	-0.000132485
-1.62266	-1.39404	-0.00678728
-1.62926	-1.32804	-0.0139923
-1.64186	-1.24518	0.000572051
-1.64726	-1.17084	0.0483664
-1.65674	-1.08765	0.148725
-1.6651	-0.997321	0.258604
-1.66969	-0.913536	0.340095
-1.67629	-0.808051	0.412628
-1.6756	-0.733795	0.449221
-1.674	-0.649817	0.494064
-1.67883	-0.543693	0.528472
-1.68175	-0.447762	0.524012
-1.67583	-0.34359	0.551354
-1.66401	-0.188503	0.572732
-1.56721	-0.00553261	0.614007
-1.33055	0.20233	0.6476
0.0512098	1.4674	0.507182

-0.309856	-1.98659	0.0231822
-0.376638	-1.98313	0.0179306
-0.4404	-1.98292	0.00554202
-0.506795	-1.97844	0.00445909
-0.591882	-1.96497	0.0233579
-0.631754	-1.95612	0.00451329
-0.70831	-1.94287	-0.00132664
-0.806949	-1.92498	-0.0155115
-0.855964	-1.91598	-0.0184256
-0.928058	-1.89894	-0.00365715
-0.979477	-1.88793	-0.00186728
-1.09054	-1.86908	0.000995627
-1.14693	-1.85905	0.00795014
-1.20148	-1.84248	0.00297823
-1.27526	-1.81169	0.0258126
-1.31524	-1.78502	-0.0102325
-1.33983	-1.7628	-0.0122783
-1.40253	-1.72139	-0.0178911
-1.44794	-1.68611	-0.0131232
-1.47847	-1.64805	-0.0237391
-1.51098	-1.59948	-0.0124238
-1.52939	-1.55079	-0.00384065
-1.56286	-1.48177	-0.000904517
-1.57379	-1.42279	0.00485318
-1.5852	-1.36321	0.00605761
-1.60514	-1.27828	0.00589454
-1.6099	-1.21025	0.051895
-1.61007	-1.14332	0.178607
-1.63021	-1.04828	0.287639
-1.6371	-0.961552	0.352591
-1.64401	-0.870745	0.399412
-1.63826	-0.802331	0.438177
-1.64279	-0.717585	0.48451
-1.65061	-0.620043	0.528001
-1.65351	-0.50956	0.538789
-1.66017	-0.392298	0.54933
-1.64843	-0.257142	0.563332
-1.56721	-0.089416	0.594871
-1.22888	0.165202	0.645932
0.322715	1.36409	0.494313

-0.222428	-1.98634	0.0524928
-0.279501	-1.9846	0.0287302
-0.349238	-1.98485	0.010696
-0.404057	-1.97744	0.00463574
-0.492568	-1.96432	0.00769164
-0.542029	-1.95435	-0.00322132
-0.596165	-1.94105	0.000351045
-0.699307	-1.92698	0.00358969
-0.764993	-1.91835	-0.00195582
-0.83302	-1.89954	-0.0191898
-0.878273	-1.88208	0.0124267
-0.951508	-1.87162	0.0176089
-1.0311	-1.86355	0.00876635
-1.09106	-1.8457	0.01361
-1.17494	-1.81646	0.00277735
-1.25268	-1.78953	-0.0121648
-1.27837	-1.77023	-0.00437198
-1.33786	-1.7331	-0.00240008
-1.38485	-1.69752	-0.00687097
-1.4232	-1.65843	-0.0228603
-1.45767	-1.61463	-0.0152984
-1.48032	-1.57564	-0.0157198
-1.50423	-1.52165	-0.00600866
-1.52786	-1.44924	0.00385933
-1.53614	-1.39554	0.00415214
-1.56064	-1.3156	0.00811816
-1.57645	-1.24347	0.0619142
-1.57017	-1.17221	0.208745
-1.58071	-1.09919	0.304201
-1.60134	-1.00627	0.364422
-1.61333	-0.924183	0.407004
-1.61098	-0.851224	0.443629
-1.61508	-0.769916	0.485296
-1.61617	-0.678039	0.52436
-1.62058	-0.564923	0.544322
-1.63389	-0.449883	0.560644
-1.6228	-0.293237	0.575357
-1.53919	-0.134771	0.612995
-1.22606	0.0797916	0.630464
0.851393	1.36887	0.3596

-0.130898	-1.98809	0.0894539
-0.181698	-1.98626	0.0721545
-0.249601	-1.98484	0.0564918
-0.296816	-1.97254	0.0665504
-0.379416	-1.96174	0.0642833
-0.446123	-1.95368	0.0418084
-0.495393	-1.94087	0.0578801
-0.569825	-1.93174	0.0442908
-0.6646	-1.9194	0.0266757
-0.733906	-1.9044	0.00968376
-0.811001	-1.88395	0.0096588
-0.862015	-1.87238	0.0099932
-0.954799	-1.85383	0.00797973
-1.00367	-1.84393	0.0182067
-1.07072	-1.82301	0.00897259
-1.15325	-1.79415	0.00739585
-1.19566	-1.7709	0.0127989
-1.25129	-1.74304	0.004507
-1.30501	-1.70997	-0.0248125
-1.33767	-1.68336	-0.0178913
-1.38897	-1.63449	-0.0149553
-1.42653	-1.5924	-0.0135496
-1.4449	-1.5472	0.00149775
-1.47937	-1.4835	0.00814812
-1.4909	-1.43144	0.0164922
-1.50866	-1.35026	0.0377048
-1.51985	-1.28841	0.0981412
-1.5287	-1.2218	0.19647
-1.53751	-1.15841	0.283695
-1.56406	-1.06788	0.34641
-1.57879	-0.985843	0.408807
-1.57934	-0.899733	0.453882
-1.57965	-0.821957	0.494682
-1.57477	-0.727322	0.526579
-1.57391	-0.63351	0.538202
-1.58147	-0.537256	0.547721
-1.59217	-0.385305	0.573203
-1.52981	-0.184664	0.611155
-1.18543	-0.00812236	0.625929
1.42458	1.26627	0.213765

-0.00557758	-1.98764	0.1173
-0.0633013	-1.98615	0.117889
-0.132945	-1.9862	0.0825572
-0.207039	-1.97171	0.111805
-0.282057	-1.9624	0.126199
-0.347196	-1.95386	0.117811
-0.413231	-1.93968	0.147288
-0.460732	-1.9345	0.112408
-0.563305	-1.91974	0.0789685
-0.631398	-1.90389	0.0583541
-0.708078	-1.88966	0.0222535
-0.751229	-1.87846	0.00653268
-0.843669	-1.85879	0.0140305
-0.926257	-1.8446	0.011832
-0.992074	-1.82446	0.0204933
-1.04784	-1.80078	0.00918509
-1.11624	-1.77338	0.0118862
-1.17734	-1.74595	0.00165374
-1.23924	-1.71602	-0.0208013
-1.27447	-1.69172	-0.00691086
-1.31639	-1.65287	-0.0148663
-1.35442	-1.61622	-0.0102198
-1.38868	-1.56228	-0.00477187
-1.42877	-1.50547	-0.00562107
-1.43991	-1.46081	0.00165282
-1.45331	-1.39191	0.0576435
-1.47509	-1.31987	0.136959
-1.49163	-1.254	0.222297
-1.50335	-1.17649	0.306966
-1.52995	-1.08786	0.366513
-1.53868	-1.02068	0.421979
-1.54851	-0.935601	0.462879
-1.54715	-0.873244	0.494058
-1.54953	-0.78951	0.508339
-1.5484	-0.680107	0.548828
-1.55958	-0.569788	0.566871
-1.55522	-0.43454	0.583545
-1.49479	-0.272511	0.618174
-1.27164	-0.0834059	0.641367
1.24335	0.906926	0.400008

0.0832524	-1.98815	0.0997013
0.0297115	-1.98782	0.107049
-0.0440658	-1.98696	0.109307
-0.10934	-1.97771	0.135173
-0.186249	-1.96506	0.158861
-0.246457	-1.95526	0.175002
-0.337574	-1.94121	0.188053
-0.388707	-1.93184	0.180691
-0.460447	-1.91424	0.181592
-0.522813	-1.90119	0.161218
-0.607302	-1.89041	0.108658
-0.668601	-1.87848	0.0822358
-0.728757	-1.86084	0.0846745
-0.823421	-1.84311	0.0327838
-0.908629	-1.82337	0.0139363
-0.95923	-1.80097	0.00093195
-1.00709	-1.77839	0.00457555
-1.09473	-1.75144	-0.00639416
-1.1558	-1.72677	-0.0122229
-1.21181	-1.69497	0.00460416
-1.25233	-1.66238	0.00502241
-1.28127	-1.62898	0.00358641
-1.32558	-1.57617	0.00567339
-1.36913	-1.52118	0.00701772
-1.39284	-1.47279	0.0356654
-1.40814	-1.41521	0.106814
-1.43216	-1.34918	0.184017
-1.43663	-1.29989	0.264259
-1.44833	-1.22445	0.330331
-1.47311	-1.14481	0.372579
-1.48412	-1.07284	0.434924
-1.50831	-0.977197	0.478777
-1.51351	-0.905903	0.506434
-1.51602	-0.837036	0.526864
-1.51752	-0.743288	0.562237
-1.51902	-0.625315	0.598743
-1.52104	-0.492893	0.597773
-1.49817	-0.343711	0.62742
-1.33893	-0.156721	0.647935
0.647639	0.704109	0.388797

0.183349	-1.98786	0.0578181
0.136385	-1.9896	0.0706958
0.0355781	-1.98756	0.0970048
-0.00790398	-1.98038	0.132082
-0.0929832	-1.96545	0.200628
-0.135558	-1.95719	0.211156
-0.206605	-1.94198	0.228224
-0.276017	-1.93176	0.221919
-0.373712	-1.91413	0.232785
-0.433883	-1.89947	0.241401
-0.510682	-1.886	0.22168
-0.573932	-1.87668	0.190322
-0.644509	-1.85796	0.172538
-0.721696	-1.84124	0.148204
-0.80105	-1.82298	0.117085
-0.854954	-1.80636	0.0858392
-0.913504	-1.78357	0.0675085
-0.997771	-1.75657	0.0379794
-1.06024	-1.73178	0.0245121
-1.11897	-1.70148	0.0228572
-1.17114	-1.67119	0.0253358
-1.21385	-1.63426	0.0169623
-1.24422	-1.59628	0.00649219
-1.27322	-1.55333	0.0470444
-1.32334	-1.4983	0.0753378
-1.34875	-1.45259	0.133033
-1.38391	-1.37716	0.214004
-1.39299	-1.32546	0.288541
-1.41288	-1.25378	0.349612
-1.42568	-1.18778	0.404604
-1.43869	-1.12906	0.442947
-1.45833	-1.05405	0.468156
-1.47064	-0.965862	0.50983
-1.4771	-0.885312	0.551633
-1.47724	-0.794916	0.576746
-1.48647	-0.674244	0.599447
-1.48954	-0.540645	0.60215
-1.4572	-0.393928	0.635722
-1.33074	-0.236002	0.640234
0.0103816	0.535229	0.245417

0.300614	-1.9884	0.0172797
0.247536	-1.98895	0.029415
0.143046	-1.98618	0.0913692
0.113676	-1.97889	0.135879
-0.00538981	-1.9658	0.20035
-0.0542901	-1.95848	0.21598
-0.110526	-1.9425	0.247706
-0.174822	-1.93265	0.249167
-0.267088	-1.91757	0.261445
-0.331176	-1.9048	0.271441
-0.411055	-1.88776	0.277182
-0.47318	-1.8733	0.283851
-0.548594	-1.8544	0.263424
-0.609794	-1.84043	0.255971
-0.696098	-1.82644	0.207967
-0.771247	-1.80819	0.193209
-0.831722	-1.78674	0.179629
-0.890734	-1.76476	0.171158
-0.944295	-1.74096	0.145813
-1.00093	-1.71555	0.122103
-1.07762	-1.67372	0.102978
-1.13541	-1.64118	0.0903858
-1.17299	-1.60778	0.095774
-1.2089	-1.57091	0.14162
-1.26318	-1.52633	0.130642
-1.28995	-1.48228	0.176624
-1.3219	-1.41072	0.254917
-1.34448	-1.35359	0.323185
-1.36298	-1.28283	0.387641
-1.38146	-1.21832	0.422664
-1.40766	-1.1516	0.461671
-1.41691	-1.09393	0.482726
-1.43366	-1.00212	0.524794
-1.43544	-0.932171	0.567979
-1.43534	-0.862673	0.590054
-1.44612	-0.754985	0.591606
-1.46194	-0.596605	0.620244
-1.41459	-0.453693	0.648554
-1.25943	-0.29634	0.635742
-0.514106	0.355579	0.33533

0.393291	-1.99155	0.0093342
0.354822	-1.99054	0.0171921
0.273654	-1.98835	0.0424098
0.213988	-1.97952	0.0987559
0.117422	-1.96745	0.176962
0.0422121	-1.95608	0.223067
-0.0103564	-1.94131	0.271389
-0.0732611	-1.9325	0.289672
-0.166132	-1.91857	0.299393
-0.247102	-1.90576	0.304513
-0.309792	-1.89005	0.320443
-0.377276	-1.87222	0.344876
-0.475699	-1.84971	0.327891
-0.528367	-1.83764	0.319449
-0.594641	-1.82489	0.285945
-0.679131	-1.80532	0.273303
-0.757547	-1.78652	0.261866
-0.825798	-1.76558	0.244105
-0.885399	-1.74333	0.216332
-0.918744	-1.7168	0.247811
-0.996578	-1.67843	0.214772
-1.05408	-1.64952	0.188801
-1.10437	-1.60751	0.213779
-1.16096	-1.57021	0.236442
-1.20446	-1.53314	0.230506
-1.22481	-1.49092	0.287584
-1.25523	-1.43449	0.329521
-1.27809	-1.38476	0.347933
-1.30316	-1.32419	0.416705
-1.32349	-1.2626	0.447321
-1.35827	-1.1811	0.470885
-1.36054	-1.13123	0.496866
-1.38265	-1.03896	0.51571
-1.39946	-0.966824	0.560289
-1.40328	-0.892937	0.59533
-1.40769	-0.797161	0.606088
-1.41342	-0.674143	0.627837
-1.37782	-0.503915	0.639312
-1.17431	-0.335447	0.614431
-0.818683	0.0539003	0.444819

0.476874	-1.99035	0.00749302
0.427317	-1.99105	0.00702088
0.384032	-1.98607	0.00980426
0.327231	-1.9783	0.0268833
0.242349	-1.96805	0.132147
0.142277	-1.95688	0.218299
0.0850799	-1.94396	0.270201
0.0166866	-1.93109	0.290717
-0.0627556	-1.91706	0.316955
-0.141788	-1.90056	0.331932
-0.183033	-1.88893	0.345864
-0.243185	-1.8717	0.369792
-0.351095	-1.852	0.374894
-0.417912	-1.8414	0.367275
-0.468257	-1.82713	0.355047
-0.552933	-1.80179	0.370394
-0.651872	-1.7813	0.347944
-0.724949	-1.75882	0.33682
-0.779443	-1.74322	0.308326
-0.829688	-1.7189	0.324016
-0.901761	-1.68915	0.319163
-0.939926	-1.66466	0.309138
-0.994588	-1.62716	0.316352
-1.06355	-1.58824	0.333405
-1.10466	-1.55287	0.325683
-1.14017	-1.50671	0.356085
-1.17854	-1.46088	0.383835
-1.22462	-1.39772	0.403541
-1.25541	-1.34421	0.429821
-1.26875	-1.29884	0.454376
-1.30893	-1.21875	0.472729
-1.30791	-1.17276	0.509539
-1.32899	-1.09182	0.540046
-1.34861	-1.00933	0.563869
-1.35192	-0.92566	0.580793
-1.3672	-0.847679	0.591367
-1.37825	-0.740723	0.605814
-1.36518	-0.568333	0.638952
-1.11817	-0.390283	0.610008
-0.899549	-0.14524	0.48957

0.566467	-1.98038	0.00942265
0.507721	-1.98546	-0.0130124
0.466438	-1.98388	-0.00340942
0.414436	-1.98027	-0.000739023
0.356769	-1.97078	0.061135
0.248607	-1.95823	0.154533
0.182615	-1.94457	0.236564
0.115257	-1.9309	0.276892
0.0396587	-1.91885	0.315354
-0.0653118	-1.90195	0.348703
-0.114066	-1.88624	0.34895
-0.159582	-1.87221	0.362374
-0.260639	-1.85241	0.388667
-0.355606	-1.83445	0.397447
-0.392659	-1.82167	0.410265
-0.458173	-1.79995	0.415454
-0.526363	-1.77982	0.395019
-0.62647	-1.75884	0.37568
-0.684017	-1.74058	0.368833
-0.742753	-1.7121	0.381504
-0.81171	-1.69118	0.380079
-0.86786	-1.66651	0.374669
-0.927771	-1.63147	0.355593
-0.987544	-1.59662	0.365033
-1.02529	-1.5622	0.381206
-1.08162	-1.51372	0.393656
-1.11245	-1.47044	0.424317
-1.15356	-1.41764	0.43945
-1.20146	-1.35844	0.451899
-1.21388	-1.31932	0.467495
-1.25816	-1.24761	0.488516
-1.26644	-1.18909	0.525717
-1.27371	-1.11585	0.546764
-1.29335	-1.04343	0.577816
-1.30507	-0.969878	0.607078
-1.3213	-0.899106	0.62087
-1.33407	-0.790801	0.607005
-1.34028	-0.650377	0.633164
-1.1543	-0.432906	0.635788
-0.78599	-0.0859528	0.330001

0.675152	-1.98303	-0.00827303
0.615629	-1.98454	-0.0156496
0.56522	-1.98674	-0.025245
0.507226	-1.98209	-0.015478
0.445633	-1.96912	0.0176436
0.374766	-1.95871	0.0717744
0.288399	-1.94732	0.192428
0.221473	-1.93318	0.245404
0.131064	-1.91683	0.292234
0.0468554	-1.9025	0.346347
-0.0217072	-1.88599	0.351693
-0.0552949	-1.87794	0.360842
-0.138184	-1.85555	0.393332
-0.233785	-1.83631	0.405682
-0.300251	-1.82111	0.425808
-0.393691	-1.79859	0.437302
-0.450022	-1.77475	0.444675
-0.524472	-1.75738	0.442739
-0.585731	-1.73717	0.438359
-0.665589	-1.71213	0.428956
-0.735454	-1.68858	0.420756
-0.779774	-1.66777	0.430355
-0.837212	-1.64284	0.418563
-0.904469	-1.60672	0.418951
-0.941062	-1.57384	0.432578
-0.986883	-1.52749	0.461607
-1.02052	-1.48965	0.478434
-1.06174	-1.44882	0.48397
-1.1145	-1.3882	0.48342
-1.14034	-1.34499	0.501154
-1.18204	-1.28119	0.530194
-1.19858	-1.226	0.547351
-1.21414	-1.14874	0.55732
-1.24307	-1.0635	0.58615
-1.2665	-1.00039	0.619254
-1.28202	-0.931084	0.620532
-1.29271	-0.845154	0.620606
-1.28641	-0.72068	0.649927
-1.20878	-0.543413	0.660668
-0.585653	-0.033848	0.157194

0.766181	-1.98885	-0.00609196
0.707876	-1.98848	-0.0100493
0.654337	-1.98831	-0.0197757
0.600776	-1.97904	-0.0146321
0.533737	-1.96291	0.0171935
0.494039	-1.95628	0.0274888
0.376455	-1.94555	0.156757
0.315125	-1.93388	0.217746
0.250382	-1.92377	0.257954
0.164558	-1.90971	0.326243
0.0646202	-1.89017	0.377891
0.0274997	-1.87987	0.385124
-0.0612468	-1.85881	0.412442
-0.139205	-1.84192	0.413474
-0.187613	-1.82646	0.427872
-0.284598	-1.7988	0.454956
-0.351603	-1.77527	0.481543
-0.421415	-1.75379	0.485573
-0.473118	-1.73498	0.479634
-0.548606	-1.71069	0.472971
-0.619504	-1.68995	0.463685
-0.694909	-1.6698	0.461655
-0.756418	-1.64163	0.464639
-0.813986	-1.61206	0.462732
-0.859025	-1.58004	0.46811
-0.908943	-1.54006	0.480927
-0.95285	-1.50409	0.485084
-0.99062	-1.46306	0.498146
-1.03773	-1.40745	0.514399
-1.06571	-1.36366	0.534039
-1.11148	-1.29756	0.551757
-1.13327	-1.25238	0.559714
-1.14706	-1.19145	0.574925
-1.17465	-1.10545	0.59999
-1.20328	-1.03665	0.623549
-1.23303	-0.962673	0.622177
-1.23407	-0.880755	0.645421
-1.23725	-0.774803	0.656996
-1.15973	-0.615388	0.650217
-0.545946	-0.0753626	0.127948

0.873723	-1.98995	0.00730309
0.785203	-1.99126	-0.0227345
0.761213	-1.98615	-0.0254684
0.721246	-1.97608	-0.0241016
0.641056	-1.96379	0.0112339
0.596987	-1.95409	0.014338
0.497685	-1.94249	0.0638964
0.402443	-1.93008	0.178034
0.348976	-1.92352	0.225789
0.254169	-1.90703	0.313151
0.168038	-1.88983	0.369288
0.115448	-1.87768	0.385238
0.0269005	-1.85866	0.415551
-0.064728	-1.84343	0.418761
-0.115069	-1.82441	0.436109
-0.192845	-1.80094	0.473935
-0.252049	-1.78056	0.500015
-0.342199	-1.75031	0.5274
-0.372007	-1.73628	0.515484
-0.453203	-1.71416	0.494398
-0.518281	-1.69156	0.492136
-0.57895	-1.66792	0.497181
-0.663739	-1.63866	0.485009
-0.730443	-1.61019	0.494743
-0.776	-1.58232	0.501824
-0.8373	-1.54144	0.508787
-0.877196	-1.51052	0.503709
-0.917749	-1.46844	0.515716
-0.971971	-1.41926	0.529177
-0.999947	-1.37011	0.557793
-1.04226	-1.31167	0.566405
-1.07415	-1.26653	0.568284
-1.08876	-1.22356	0.585723
-1.11883	-1.15278	0.613662
-1.14546	-1.08321	0.617026
-1.18033	-0.995448	0.612219
-1.18984	-0.914262	0.636188
-1.19121	-0.800194	0.656578
-1.05054	-0.609483	0.634149
-0.482644	0.0699047	0.206349

1.01114	-1.98785	-0.0105009
0.905745	-1.98976	-0.00554202
0.856723	-1.98561	-0.0219941
0.800909	-1.97805	-0.025255
0.747154	-1.96677	0.00320084
0.693231	-1.95209	0.00801428
0.622194	-1.94018	0.0221866
0.509033	-1.92873	0.107803
0.457416	-1.91849	0.182581
0.368869	-1.90064	0.278199
0.274205	-1.88735	0.329757
0.214561	-1.87949	0.35733
0.159883	-1.8639	0.386153
0.0694979	-1.84798	0.413251
-0.00389821	-1.83046	0.439399
-0.09214	-1.80635	0.491315
-0.1367	-1.78642	0.504346
-0.253772	-1.75348	0.52408
-0.295259	-1.73631	0.522256
-0.365177	-1.71518	0.523015
-0.410953	-1.69939	0.530854
-0.458258	-1.67887	0.547214
-0.545062	-1.64654	0.531297
-0.629508	-1.61552	0.523067
-0.666711	-1.58968	0.514679
-0.733289	-1.55339	0.530552
-0.781364	-1.52172	0.533527
-0.830895	-1.48306	0.542331
-0.890428	-1.42939	0.560796
-0.929316	-1.37841	0.58591
-0.95362	-1.33363	0.590075
-1.00858	-1.28314	0.579503
-1.02726	-1.24022	0.586548
-1.06329	-1.17634	0.612046
-1.0811	-1.11278	0.63477
-1.11334	-1.02676	0.628298
-1.13209	-0.951047	0.638874
-1.10141	-0.806079	0.661557
-0.923715	-0.568433	0.579138
-0.504078	0.200096	0.163603

1.10315	-1.99048	-0.00718308
1.03809	-1.98836	0.00386651
0.964729	-1.98414	-0.0214382
0.921175	-1.97763	-0.02063
0.860637	-1.96795	0.0108527
0.80144	-1.95393	0.00273861
0.736744	-1.94239	0.00269019
0.638664	-1.93013	0.0243933
0.576727	-1.91889	0.0762618
0.503854	-1.90344	0.1715
0.401157	-1.88768	0.269401
0.307155	-1.87985	0.329963
0.239193	-1.86281	0.387058
0.185426	-1.85132	0.405799
0.121755	-1.83665	0.429097
0.0315041	-1.81341	0.471911
-0.0115996	-1.79055	0.490007
-0.0961926	-1.76705	0.510641
-0.165799	-1.74659	0.520318
-0.247339	-1.72254	0.516922
-0.319166	-1.69884	0.523155
-0.369608	-1.67964	0.538296
-0.438386	-1.65031	0.548892
-0.507052	-1.62658	0.548597
-0.570331	-1.59451	0.546904
-0.648823	-1.55342	0.57717
-0.708192	-1.52368	0.574795
-0.753508	-1.47398	0.573168
-0.805366	-1.42662	0.575469
-0.855414	-1.38163	0.593271
-0.8893	-1.34459	0.604814
-0.941795	-1.29515	0.598266
-0.961206	-1.24953	0.600994
-0.992472	-1.19422	0.608639
-1.02257	-1.13095	0.629591
-1.05163	-1.06051	0.629565
-1.06352	-0.985338	0.641089
-0.952117	-0.805677	0.6522
-0.82123	-0.61396	0.540661
-0.239225	0.155224	0.101825

1.18677	-1.9902	0.0127332
1.14315	-1.98718	0.0121284
1.07612	-1.97764	-0.00337758
1.03716	-1.96865	-0.00254854
0.950007	-1.95872	-0.00964584
0.901028	-1.95223	-0.0115379
0.847449	-1.935	-0.022007
0.766675	-1.91907	0.00725414
0.705213	-1.90999	0.0148197
0.632753	-1.89857	0.0596473
0.55309	-1.88526	0.166262
0.459486	-1.87395	0.274709
0.35368	-1.85979	0.350959
0.277022	-1.84635	0.390642
0.207607	-1.82803	0.41236
0.146685	-1.8089	0.443416
0.0866942	-1.79144	0.472322
0.0229256	-1.77261	0.495972
-0.0541687	-1.74519	0.52017
-0.125343	-1.72577	0.526498
-0.218071	-1.7004	0.53954
-0.289327	-1.67699	0.557015
-0.381774	-1.64263	0.574418
-0.413371	-1.62006	0.573488
-0.448754	-1.58546	0.584637
-0.532089	-1.55017	0.61311
-0.570382	-1.52771	0.613754
-0.64559	-1.48871	0.603927
-0.698218	-1.44771	0.604396
-0.747505	-1.40303	0.622984
-0.791675	-1.36203	0.617988
-0.83953	-1.31787	0.613083
-0.873529	-1.2704	0.625992
-0.907719	-1.21472	0.628673
-0.947566	-1.14873	0.641109
-0.978412	-1.09809	0.641155
-0.999256	-1.0317	0.650133
-0.950606	-0.855627	0.655285
-0.598633	-0.489378	0.288273
-0.241533	0.00576742	0.0760789

1.31605	-1.97509	0.0151793
1.27353	-1.97307	-0.00391303
1.22074	-1.9646	-0.00204545
1.15755	-1.94406	-0.0122479
1.07752	-1.93419	-0.0138211
1.04123	-1.92727	-0.00150254
0.969023	-1.90409	0.00383547
0.893948	-1.89073	-0.00296882
0.839564	-1.86771	-0.00601016
0.765851	-1.8691	0.00936233
0.705962	-1.84868	0.138147
0.641727	-1.84533	0.205574
0.563297	-1.82773	0.306682
0.480374	-1.81715	0.376712
0.358823	-1.80961	0.39245
0.27545	-1.79435	0.440515
0.211339	-1.77595	0.481544
0.152382	-1.75479	0.506437
0.0756004	-1.73494	0.522024
0.0249388	-1.70266	0.535637
-0.0319197	-1.67184	0.555597
-0.103342	-1.65219	0.573276
-0.188012	-1.64047	0.580398
-0.256852	-1.61749	0.583391
-0.308098	-1.57748	0.599372
-0.373296	-1.53775	0.622091
-0.407975	-1.51332	0.616701
-0.500603	-1.48632	0.613568
-0.570411	-1.45457	0.638243
-0.61933	-1.41543	0.653165
-0.667595	-1.37243	0.633302
-0.731466	-1.3268	0.633476
-0.75225	-1.27855	0.663176
-0.77836	-1.24126	0.656929
-0.840744	-1.18183	0.646183
-0.884706	-1.13566	0.654006
-0.916787	-1.04761	0.663008
-0.902274	-0.931515	0.670013
-0.446803	-0.500554	0.178438
-0.121722	-0.112242	0.0506091

1.73452	-1.93898	0.0169906
1.65075	-1.94445	-0.000592345
1.53055	-1.95102	-0.00990535
1.42096	-1.92075	-0.0140597
1.31692	-1.90359	-0.0123321
1.25434	-1.88034	0.00268486
1.20248	-1.80973	-0.00319391
1.11963	-1.83572	0.000487448
1.05091	-1.81179	0.0145004
0.950728	-1.80044	0.0191319
0.832267	-1.7786	0.174228
0.785536	-1.73486	0.288903
0.725783	-1.70764	0.369297
0.656786	-1.72464	0.398389
0.595622	-1.69401	0.456412
0.519121	-1.63839	0.529892
0.444081	-1.65622	0.533018
0.33961	-1.71086	0.530421
0.26717	-1.70202	0.546779
0.197612	-1.64871	0.560865
0.23309	-1.52832	0.599521
0.163006	-1.49914	0.614258
0.0753101	-1.47804	0.636955
0.00587252	-1.49878	0.624768
-0.0966407	-1.53965	0.611074
-0.160079	-1.49867	0.630438
-0.118882	-1.33876	0.66389
-0.184741	-1.35183	0.666228
-0.313694	-1.39567	0.660085
-0.431577	-1.38266	0.661352
-0.370491	-1.28799	0.646973
-0.424799	-1.28669	0.659888
-0.580444	-1.2805	0.668943
-0.430732	-1.10147	0.606413
-0.484981	-1.11426	0.619212
-0.636665	-1.14908	0.658267
-0.735422	-1.09787	0.669672
-0.733844	-0.968465	0.645374
-0.440884	-0.734001	0.436235
-0.177282	-0.410541	0.257319

1.80766	-1.34335	0.0651649
1.79394	-1.18495	0.0728275
1.59586	-1.14249	0.263026
1.60975	-1.28231	0.173573
1.74466	-1.48475	0.0543119
1.72128	-1.64527	0.0240872
1.56265	-1.73819	0.00545065
1.39061	-1.77928	0.00658792
1.28031	-1.7477	-0.00473738
1.28378	-1.66461	-0.00991336
1.33703	-1.52992	0.0518029
1.2396	-1.43551	0.299629
1.10929	-1.48803	0.354841
0.90304	-1.57342	0.410335
0.727773	-1.58614	0.481161
0.604515	-1.52795	0.563296
0.6692	-1.49933	0.569979
0.786967	-1.50239	0.514498
0.763376	-1.48418	0.539656
0.849511	-1.41924	0.540317
0.755081	-1.39065	0.571662
0.714657	-1.28054	0.632447
0.561035	-1.29546	0.655792
0.291498	-1.24424	0.640646
0.223549	-1.24247	0.644993
0.393055	-1.22646	0.65997
0.277224	-1.22915	0.665411
0.118622	-1.05357	0.590583
0.225398	-0.91597	0.533887
0.443585	-0.893786	0.56037
0.67453	-0.904119	0.625672
1.0257	-0.851481	0.62228
1.55498	-0.712143	0.38521
1.27767	-0.681121	0.465716
1.15462	-0.434232	0.583382
1.48675	-0.162109	0.539763
1.42039	0.0911486	0.57066
0.892987	0.108778	0.433173
0.295608	-0.299271	0.368517
0.169132	-0.349326	0.207989

