-1.99318	-1.99238	-0.00129212
-1.98253	-1.92636	0.0172102
-1.98322	-1.85707	-0.00490979
-1.98337	-1.79929	-0.0215175
-1.9775	-1.74343	-0.00224896
-1.97336	-1.66531	-0.000483556
-1.97639	-1.56813	-0.00266467
-1.9827	-1.46264	-0.00497963
-1.98287	-1.36773	0.00721833
-1.98054	-1.27637	0.00440372
-1.98171	-1.14097	-0.00242786
-1.98127	-1.0426	-0.0127788
-1.98132	-0.956568	-0.017987
-1.98353	-0.86662	-0.00426505
-1.98076	-0.749826	-0.0130848
-1.97929	-0.669065	0.0091888
-1.97788	-0.589852	0.0207287
-1.9736	-0.476932	0.0123533
-1.97186	-0.383899	0.044191
-1.9685	-0.283215	0.100497
-1.97279	-0.193992	0.130371
-1.97487	-0.103698	0.140487
-1.97851	-0.00366049	0.154125
-1.97876	0.0990465	0.149105
-1.97528	0.181931	0.10453
-1.97325	0.263753	0.0946554
-1.97148	0.369877	0.046122
-1.97351	0.498066	0.0295672
-1.97817	0.627373	0.0217698
-1.97844	0.721608	0.0124439
-1.97843	0.802659	0.0133286
-1.97877	0.932845	0.0169296
-1.98256	1.08307	0.00789354
-1.98315	1.17705	0.0101128
-1.98513	1.26504	0.0211349
-1.9833	1.35787	0.0108203
-1.97472	1.42641	0.00367362
-1.96829	1.51087	0.000656317
-1.89669	1.66096	0.0060493
-1.45748	1.86542	-0.0148961

-1.93093	-1.98626	-0.00114165
-1.95026	-1.95768	0.0184939
-1.96437	-1.89607	-0.00204074
-1.97221	-1.84042	-0.0104032
-1.96415	-1.76838	0.00732156
-1.95842	-1.69224	0.0108546
-1.96188	-1.62367	-0.00301716
-1.96904	-1.52643	-0.0153611
-1.9716	-1.43704	-0.00763249
-1.97165	-1.34569	0.00979444
-1.96576	-1.24314	0.00418828
-1.96088	-1.15957	-0.00464934
-1.96512	-1.03892	-0.027868
-1.9722	-0.952015	-0.0118839
-1.97257	-0.824805	-0.00181781
-1.976	-0.733007	-0.00184332
-1.97621	-0.639763	-0.0018464
-1.97241	-0.542055	-8.23689e-05
-1.96881	-0.448155	0.0265916
-1.96475	-0.342774	0.0900625
-1.96877	-0.244538	0.124973
-1.97137	-0.165803	0.145995
-1.97594	-0.0787054	0.149774
-1.97263	0.0239302	0.163312
-1.97103	0.13706	0.132516
-1.97195	0.226911	0.106213
-1.97034	0.321658	0.0662016
-1.97012	0.438191	0.0337491
-1.97501	0.559881	0.0166018
-1.97371	0.66813	0.0104836
-1.97074	0.764916	0.00606728
-1.97456	0.889551	0.00386754
-1.97328	0.974099	-0.00835593
-1.96693	1.05305	-0.00981965
-1.96332	1.16984	0.00263675
-1.96481	1.27822	0.0106781
-1.96035	1.37493	0.0015432
-1.94806	1.45809	-0.000419379
-1.91182	1.60397	0.00456161
-1.535	1.8266	-0.0167942

-1.8847	-1.98883	0.00618582
-1.91438	-1.9636	0.0235534
-1.93589	-1.91919	0.0140523
-1.94367	-1.86869	-0.0226074
-1.93869	-1.81199	-0.014153
-1.94059	-1.72796	-0.00692052
-1.94231	-1.65043	-0.0034873
-1.94593	-1.56521	-0.00202255
-1.95003	-1.48518	-0.00055535
-1.95389	-1.38551	0.0135607
-1.95633	-1.26971	0.0151493
-1.95001	-1.1821	-0.00278036
-1.94314	-1.07923	-0.0145399
-1.94713	-1.00158	-0.000707267
-1.95236	-0.895199	0.00957998
-1.95063	-0.79789	-0.0120167
-1.94892	-0.71843	-0.00705592
-1.94547	-0.596878	0.0104685
-1.94405	-0.495848	0.0550103
-1.9428	-0.391108	0.130415
-1.95025	-0.279404	0.169269
-1.95373	-0.189221	0.197668
-1.95836	-0.101176	0.205373
-1.95569	0.00642642	0.22654
-1.95361	0.102769	0.209244
-1.94729	0.202985	0.188417
-1.9408	0.287115	0.177213
-1.94212	0.383696	0.134151
-1.95404	0.520982	0.058154
-1.95121	0.620285	0.0180572
-1.94848	0.715053	0.0135851
-1.95539	0.832835	5.66734e-05
-1.94993	0.936535	0.00681376
-1.94721	1.00055	0.00353186
-1.93898	1.12987	0.000434394
-1.94649	1.23313	0.0114388
-1.94464	1.31457	-0.00611775
-1.92125	1.40382	0.00487057
-1.89481	1.53513	0.0054024
-1.72711	1.83844	0.000232571

-1.8103	-1.98993	0.0130972
-1.85573	-1.96967	0.0256065
-1.87856	-1.93713	0.0279982
-1.89608	-1.88813	0.0111834
-1.9052	-1.8448	-0.00421161
-1.90823	-1.771	0.00803274
-1.90507	-1.69146	0.0038214
-1.91588	-1.60278	0.00616801
-1.91998	-1.52443	0.00181977
-1.92208	-1.43644	-0.00388031
-1.92617	-1.33211	-0.00455298
-1.92244	-1.25227	-0.011997
-1.92038	-1.12467	-0.00395577
-1.91721	-1.02743	0.00997762
-1.92196	-0.939771	0.0117247
-1.91869	-0.84123	0.00964744
-1.91593	-0.761021	0.017148
-1.91901	-0.650743	0.0366398
-1.9163	-0.535213	0.114354
-1.90933	-0.451377	0.188906
-1.91566	-0.345724	0.246822
-1.92228	-0.237118	0.276535
-1.92302	-0.126605	0.288278
-1.91954	-0.0197781	0.310087
-1.91939	0.0540512	0.298216
-1.92222	0.150719	0.282609
-1.91651	0.242491	0.268421
-1.91147	0.340114	0.250314
-1.92008	0.474094	0.169746
-1.91361	0.573495	0.098219
-1.92077	0.660309	0.0515018
-1.92194	0.766452	0.0161399
-1.92104	0.880598	0.00934217
-1.91619	0.969938	0.0014621
-1.90586	1.07777	0.00580317
-1.91756	1.18243	0.0119019
-1.92006	1.26245	0.00881951
-1.89285	1.37976	0.0195918
-1.87084	1.49008	0.0062709
-1.82069	1.81478	0.0139821

-1.73976	-1.98252	0.0007211
-1.78718	-1.96502	0.0131721
-1.81808	-1.9408	0.00596381
-1.8503	-1.8959	0.00132233
-1.8604	-1.85484	-0.0185358
-1.86961	-1.80911	-0.00103134
-1.87224	-1.73973	0.000652657
-1.88009	-1.65079	0.00389242
-1.88421	-1.55844	-0.0108096
-1.88127	-1.4834	-0.0176546
-1.89336	-1.39811	-0.018511
-1.89158	-1.30957	-0.0125215
-1.89086	-1.19207	-0.00319483
-1.88731	-1.09097	0.0099655
-1.88911	-0.996097	0.00381439
-1.89032	-0.894901	0.00946619
-1.88482	-0.806983	0.0271339
-1.87963	-0.702776	0.0838231
-1.88637	-0.588685	0.148581
-1.88603	-0.491834	0.216652
-1.88782	-0.389716	0.286027
-1.89007	-0.297885	0.332508
-1.87987	-0.216725	0.366544
-1.88816	-0.101779	0.360249
-1.8936	-0.00261872	0.343869
-1.89223	0.0900237	0.327816
-1.88504	0.189722	0.33462
-1.87609	0.281711	0.344906
-1.88243	0.403414	0.306635
-1.88851	0.513617	0.225606
-1.88851	0.607507	0.160037
-1.88858	0.721938	0.0417471
-1.88541	0.804412	0.0315308
-1.88388	0.901	0.00994653
-1.88926	1.03104	1.59135e-05
-1.88898	1.1276	-0.0120103
-1.88533	1.21279	0.0018901
-1.87236	1.34087	0.0188321
-1.83758	1.47257	0.016547
-1.80669	1.74659	0.0230405

-1.64338	-1.98262	0.016332
-1.69065	-1.9663	0.0170166
-1.73037	-1.94191	0.0198076
-1.76968	-1.90765	0.00203982
-1.80525	-1.86898	-0.0111236
-1.82515	-1.81817	-0.0022744
-1.83122	-1.74736	0.00333124
-1.83739	-1.68077	0.0170102
-1.84744	-1.60265	0.0197322
-1.84433	-1.5259	-0.0104799
-1.84479	-1.44781	-0.00497123
-1.84594	-1.35841	0.000725721
-1.85347	-1.25672	0.00446848
-1.84852	-1.16043	0.00625802
-1.8454	-1.07611	-0.000924129
-1.85092	-0.964771	0.0047972
-1.8523	-0.86472	0.0165679
-1.84776	-0.766231	0.0946275
-1.8459	-0.664633	0.18678
-1.84774	-0.554287	0.269321
-1.84874	-0.446083	0.346117
-1.84976	-0.343566	0.380553
-1.85316	-0.267834	0.388872
-1.86618	-0.17246	0.388699
-1.87114	-0.060798	0.391459
-1.86613	0.0342154	0.39566
-1.85482	0.140028	0.399456
-1.84722	0.244743	0.403459
-1.8501	0.355991	0.368777
-1.85428	0.448048	0.324393
-1.84259	0.542706	0.321106
-1.84895	0.634966	0.21491
-1.85411	0.743357	0.120584
-1.85116	0.840693	0.0584754
-1.85912	0.963285	0.0215165
-1.85465	1.06083	0.000756232
-1.8429	1.15835	0.00192406
-1.83324	1.26544	0.0035243
-1.76477	1.41338	-0.0050581
-1.73967	1.6002	0.0110298

-1.56191	-1.98484	0.0098195
-1.60901	-1.96652	0.00765235
-1.65311	-1.94258	0.00680619
-1.68923	-1.91602	-0.000165017
-1.72135	-1.87702	-0.008769
-1.74006	-1.83226	-0.0146076
-1.75873	-1.76632	-0.0207953
-1.77727	-1.71831	-0.0143112
-1.794	-1.65199	0.0058074
-1.79978	-1.569	-0.00944756
-1.81049	-1.48892	-0.0101948
-1.81422	-1.3978	-0.01243
-1.81774	-1.3197	-0.0035342
-1.81679	-1.20807	-0.000744275
-1.80891	-1.10765	-0.00106556
-1.81576	-1.00538	0.00964538
-1.80689	-0.91028	0.0743101
-1.81337	-0.817902	0.115913
-1.80812	-0.708832	0.250548
-1.80637	-0.614759	0.326725
-1.80877	-0.512834	0.370813
-1.81312	-0.388287	0.420304
-1.81789	-0.294565	0.425046
-1.8232	-0.207823	0.438502
-1.83541	-0.106549	0.432405
-1.83189	-0.00788694	0.433647
-1.82141	0.0970091	0.45631
-1.81329	0.200332	0.461998
-1.81352	0.301916	0.438158
-1.81082	0.397055	0.413256
-1.81667	0.505832	0.372738
-1.81942	0.592036	0.31328
-1.81836	0.699999	0.225811
-1.81542	0.798977	0.148893
-1.82071	0.918915	0.046156
-1.81042	1.01244	0.0202593
-1.80562	1.11034	0.00474127
-1.80235	1.22102	-0.0119285
-1.73392	1.36138	-0.00923075
-1.6776	1.49914	0.00465135

-1.47447	-1.9851	0.0198273
-1.52281	-1.97013	0.00166336
-1.57328	-1.94384	-0.013646
-1.60671	-1.91082	-0.0166435
-1.64515	-1.8752	-0.0283155
-1.66502	-1.83517	-0.0108427
-1.69885	-1.77983	0.000928765
-1.72092	-1.73131	0.00160535
-1.7302	-1.67878	-0.00803562
-1.74089	-1.59963	-0.00304104
-1.76666	-1.50381	-0.00126108
-1.77871	-1.42252	-0.016608
-1.77328	-1.35526	-0.00210409
-1.7625	-1.25745	0.00479849
-1.75543	-1.16993	0.0166061
-1.76041	-1.05399	0.0577762
-1.76271	-0.951764	0.0985357
-1.75792	-0.869962	0.187358
-1.77144	-0.766705	0.282502
-1.77721	-0.665712	0.344374
-1.77327	-0.567107	0.389718
-1.76895	-0.44954	0.450076
-1.77642	-0.342389	0.47293
-1.77611	-0.236836	0.487435
-1.78536	-0.138162	0.491755
-1.7847	-0.0552629	0.489947
-1.78633	0.0474027	0.479925
-1.7838	0.136237	0.479439
-1.77662	0.233185	0.479481
-1.76571	0.345249	0.474876
-1.7643	0.456192	0.454429
-1.7556	0.547635	0.42831
-1.76542	0.639404	0.359173
-1.76509	0.729009	0.301765
-1.76803	0.849477	0.191875
-1.77115	0.958778	0.0830006
-1.76196	1.05518	0.00565122
-1.73612	1.16265	0.00476975
-1.7205	1.28711	-0.00180039
-1.62406	1.45958	-0.0160551

-1.38094	-1.98405	-0.010669
-1.43785	-1.96731	0.000143674
-1.47024	-1.94913	-0.0121839
-1.51054	-1.9189	-0.0229992
-1.56325	-1.87936	-0.0244125
-1.59664	-1.83898	-0.00588397
-1.63231	-1.78673	-0.00481624
-1.66237	-1.73882	-0.00293473
-1.67513	-1.68937	-0.0159041
-1.67775	-1.60639	-0.00988756
-1.70273	-1.51632	-0.00863073
-1.72285	-1.4591	-0.00353722
-1.72071	-1.39535	0.00964637
-1.71372	-1.27256	-0.00556399
-1.71154	-1.19685	0.0124953
-1.71092	-1.10723	0.0458303
-1.71138	-1.01677	0.114447
-1.70448	-0.92098	0.242986
-1.71394	-0.820585	0.328918
-1.73081	-0.709546	0.403713
-1.72487	-0.632489	0.421847
-1.72138	-0.522298	0.461689
-1.71823	-0.395927	0.502192
-1.71428	-0.290317	0.51673
-1.72644	-0.185786	0.520339
-1.7312	-0.0933453	0.531665
-1.74635	0.018635	0.526918
-1.74388	0.101066	0.51218
-1.73296	0.183726	0.520006
-1.71495	0.299457	0.507667
-1.7102	0.399151	0.504832
-1.71582	0.494116	0.475557
-1.72842	0.60474	0.429151
-1.72102	0.677695	0.404351
-1.72091	0.799222	0.332792
-1.73236	0.892224	0.228437
-1.72967	1.00079	0.0988585
-1.7089	1.11643	0.0393875
-1.6773	1.26791	0.000481146
-1.51315	1.57961	-0.0279899

-1.26767	-1.98192	-0.0214159
-1.33798	-1.96838	-0.0252856
-1.37726	-1.95505	-0.0230808
-1.41726	-1.92455	-0.0165427
-1.47126	-1.88694	-0.0172562
-1.51431	-1.84662	-0.0131852
-1.55787	-1.79128	-0.0191957
-1.59174	-1.7428	-0.0175843
-1.60266	-1.69219	-0.0113434
-1.60803	-1.62525	0.000854985
-1.63472	-1.54502	0.00606925
-1.66156	-1.47302	-0.000912958
-1.65496	-1.41664	0.00368426
-1.66188	-1.31583	0.0178154
-1.67047	-1.2232	0.0247895
-1.67629	-1.13968	0.0612441
-1.67457	-1.04305	0.15685
-1.66397	-0.946436	0.295184
-1.66081	-0.861044	0.387728
-1.68708	-0.747479	0.430583
-1.68032	-0.647177	0.46965
-1.67109	-0.555871	0.511884
-1.67078	-0.442778	0.548153
-1.67145	-0.326497	0.559947
-1.67292	-0.235942	0.573445
-1.6732	-0.153498	0.563514
-1.69093	-0.0311467	0.563506
-1.69902	0.0638319	0.553847
-1.68757	0.170252	0.556824
-1.67841	0.270237	0.548274
-1.67177	0.368102	0.555735
-1.66955	0.450024	0.532714
-1.68989	0.574873	0.484034
-1.67724	0.646603	0.476416
-1.67812	0.74468	0.425961
-1.68987	0.860283	0.324842
-1.68996	0.959607	0.227534
-1.67557	1.06489	0.121333
-1.58508	1.29418	0.0343481
-1.50587	1.51672	-0.015898

-1.18641	-1.98172	-0.00234187
-1.26402	-1.96505	0.00390125
-1.30469	-1.95091	-0.00756031
-1.34127	-1.91975	-0.00789573
-1.39143	-1.88547	-0.00434137
-1.43403	-1.84599	-0.00196631
-1.46733	-1.80751	-0.00936931
-1.5015	-1.75571	-0.0177819
-1.52669	-1.69074	-0.0231284
-1.5404	-1.63874	-0.0104226
-1.55543	-1.57246	-0.00392484
-1.58421	-1.48811	-0.00855485
-1.58763	-1.42679	0.00636442
-1.59645	-1.33661	0.0237684
-1.61515	-1.24823	0.0367311
-1.61342	-1.1775	0.100874
-1.61543	-1.0856	0.211664
-1.61433	-0.978633	0.337094
-1.61373	-0.8688	0.428713
-1.61866	-0.772521	0.474319
-1.61732	-0.671408	0.523744
-1.61965	-0.592497	0.537366
-1.62274	-0.499368	0.552848
-1.62254	-0.396846	0.565876
-1.62457	-0.282318	0.594148
-1.62675	-0.18555	0.5874
-1.62984	-0.106563	0.582404
-1.63027	-0.0224387	0.59669
-1.62872	0.119293	0.598778
-1.62135	0.232286	0.588012
-1.61802	0.32523	0.59169
-1.60437	0.40298	0.580714
-1.63036	0.534964	0.54647
-1.63903	0.612661	0.522565
-1.6224	0.706527	0.491732
-1.62601	0.826721	0.43277
-1.61851	0.924607	0.370791
-1.61887	1.01351	0.284709
-1.5467	1.24945	0.148472
-1.4808	1.42295	0.0561027

-1.07673	-1.98458	-0.00288933
-1.15425	-1.96788	0.0156517
-1.18512	-1.95538	0.00416537
-1.23952	-1.92494	0.00463978
-1.27858	-1.89372	0.00994246
-1.35362	-1.85058	0.00228219
-1.38863	-1.80701	-0.00608439
-1.40119	-1.76395	-0.0129439
-1.44316	-1.70083	-0.0277047
-1.46887	-1.64724	-0.0127158
-1.48628	-1.5874	-0.00648773
-1.5185	-1.50202	0.00194383
-1.5156	-1.43914	0.015398
-1.53017	-1.36183	0.0420195
-1.5456	-1.27233	0.1125
-1.54961	-1.19396	0.199325
-1.54688	-1.09841	0.31299
-1.53788	-1.00067	0.411512
-1.53533	-0.880797	0.479915
-1.54356	-0.799185	0.519952
-1.55479	-0.726439	0.541041
-1.57095	-0.62389	0.549693
-1.58141	-0.522784	0.568347
-1.57836	-0.434685	0.587321
-1.56908	-0.306564	0.604159
-1.57687	-0.211587	0.606106
-1.58496	-0.123183	0.612638
-1.56855	-0.0364511	0.614761
-1.56139	0.0739562	0.613607
-1.56573	0.184743	0.615864
-1.56349	0.282442	0.590623
-1.54695	0.362149	0.59256
-1.57309	0.488054	0.579682
-1.57505	0.566226	0.562179
-1.55762	0.67201	0.548113
-1.56182	0.774586	0.517107
-1.56554	0.884512	0.466107
-1.5637	0.979457	0.413483
-1.54894	1.1451	0.285969
-1.37125	1.37184	0.236335

-0.969752	-1.9841	-0.0177725
-1.05223	-1.97398	6.84419e-05
-1.09577	-1.95156	-0.00630404
-1.1491	-1.92539	0.00512375
-1.19984	-1.89573	-0.00777199
-1.24928	-1.85513	0.00237957
-1.28931	-1.81442	-0.00145162
-1.3187	-1.76217	-0.00280182
-1.35987	-1.70499	-0.00923776
-1.39215	-1.64669	-0.0105026
-1.41078	-1.59479	-0.000585523
-1.42919	-1.52995	-0.00464073
-1.4408	-1.4709	0.0160626
-1.45101	-1.3952	0.0850205
-1.46977	-1.30755	0.191052
-1.47304	-1.21786	0.301418
-1.46852	-1.1201	0.413307
-1.47053	-1.04478	0.463248
-1.48959	-0.93247	0.512799
-1.50111	-0.843257	0.541442
-1.49571	-0.749789	0.561335
-1.5028	-0.640421	0.593901
-1.51234	-0.548748	0.598557
-1.50838	-0.467608	0.606766
-1.51507	-0.339701	0.606609
-1.51925	-0.246116	0.610989
-1.52374	-0.134969	0.624731
-1.51224	-0.039316	0.63314
-1.51132	0.0432076	0.633818
-1.50495	0.138046	0.632595
-1.50098	0.252221	0.614121
-1.49814	0.338038	0.607812
-1.51618	0.452942	0.6039
-1.52095	0.540981	0.579572
-1.51235	0.636731	0.579213
-1.50852	0.740272	0.563489
-1.51177	0.869489	0.522794
-1.50898	0.975126	0.465004
-1.50189	1.11774	0.380222
-1.24359	1.46807	0.272029

-0.903329	-1.9841	0.00358235
-0.937267	-1.97449	0.0178269
-0.975676	-1.95141	-0.00446982
-1.04157	-1.9252	0.00398502
-1.10691	-1.89658	0.00541579
-1.15926	-1.85839	0.0018954
-1.19612	-1.81413	-0.00410484
-1.22981	-1.76978	0.00131135
-1.26666	-1.71517	0.00582623
-1.30696	-1.65527	-0.00933454
-1.3343	-1.60112	0.0018581
-1.36674	-1.54178	0.0313915
-1.38547	-1.48111	0.0575507
-1.38985	-1.41174	0.157795
-1.39763	-1.3325	0.266989
-1.40588	-1.2294	0.385065
-1.40402	-1.13363	0.453077
-1.40819	-1.05248	0.494472
-1.43721	-0.955142	0.528115
-1.43641	-0.849738	0.567776
-1.41921	-0.750468	0.598188
-1.42017	-0.670951	0.619876
-1.43923	-0.570698	0.625691
-1.4378	-0.481563	0.627437
-1.44338	-0.36253	0.649599
-1.43543	-0.283092	0.65505
-1.43358	-0.180027	0.646038
-1.44382	-0.0671319	0.640158
-1.45124	0.0193745	0.642691
-1.43361	0.0845282	0.646052
-1.43137	0.20841	0.642448
-1.43937	0.315756	0.633593
-1.44704	0.422024	0.634961
-1.45169	0.521891	0.614271
-1.44834	0.613955	0.616046
-1.43755	0.705356	0.604687
-1.44256	0.817713	0.580541
-1.4313	0.916873	0.567871
-1.42966	1.0428	0.495959
-1.14049	1.69051	0.0942044

-0.797959	-1.98688	0.0158758
-0.835832	-1.97277	0.0165532
-0.882421	-1.95546	0.00628031
-0.943553	-1.92689	-0.00184053
-1.00826	-1.89571	-0.00511757
-1.0542	-1.85754	-0.00486666
-1.10118	-1.81532	-0.00583759
-1.13726	-1.77495	-0.00246332
-1.17557	-1.72296	0.0136875
-1.21048	-1.67646	-0.00291734
-1.24303	-1.61761	0.0279558
-1.28474	-1.54926	0.0996037
-1.31617	-1.47364	0.162618
-1.31934	-1.4114	0.271914
-1.30759	-1.34813	0.375796
-1.31357	-1.25214	0.461793
-1.33515	-1.15846	0.495166
-1.34463	-1.0806	0.530476
-1.34129	-0.9858	0.567239
-1.3397	-0.88795	0.595064
-1.3529	-0.786617	0.620047
-1.35062	-0.699536	0.630229
-1.36708	-0.605317	0.641918
-1.36364	-0.507987	0.663633
-1.36697	-0.39125	0.679565
-1.36446	-0.313268	0.672554
-1.3526	-0.214864	0.673503
-1.3644	-0.125336	0.653144
-1.38269	-0.0152138	0.661412
-1.36254	0.0665955	0.659401
-1.35521	0.181831	0.659488
-1.36001	0.286296	0.652086
-1.35451	0.40616	0.67106
-1.3566	0.501808	0.647271
-1.36185	0.597107	0.64491
-1.36162	0.690604	0.640216
-1.37266	0.794709	0.620619
-1.37313	0.896247	0.600067
-1.34171	1.05753	0.551664
-1.08916	1.60575	0.214651

-0.690983	-1.98299	0.00479853
-0.736658	-1.97094	0.0038774
-0.798726	-1.95173	0.0108496
-0.863057	-1.92474	0.00576738
-0.910864	-1.89639	0.00511415
-0.966016	-1.85711	-0.00246035
-1.00843	-1.81408	0.00419783
-1.03087	-1.76768	0.0480245
-1.10188	-1.7168	0.0489365
-1.13534	-1.66855	0.07228
-1.16609	-1.61037	0.133669
-1.19474	-1.54994	0.224718
-1.21905	-1.48982	0.289371
-1.24544	-1.4178	0.358671
-1.24007	-1.34702	0.43542
-1.24271	-1.26265	0.497471
-1.26395	-1.18514	0.525092
-1.26967	-1.08365	0.572291
-1.26388	-0.994587	0.594961
-1.27162	-0.912551	0.620253
-1.28633	-0.829529	0.635491
-1.28509	-0.721264	0.64346
-1.29102	-0.633649	0.647556
-1.29038	-0.549291	0.658272
-1.29941	-0.431027	0.666301
-1.30478	-0.34072	0.658543
-1.30965	-0.240946	0.666051
-1.31121	-0.1472	0.651954
-1.31288	-0.0423116	0.661381
-1.30186	0.050224	0.665866
-1.29558	0.161587	0.662877
-1.28652	0.267306	0.647249
-1.27041	0.36321	0.668906
-1.27201	0.466214	0.656703
-1.27711	0.55989	0.651748
-1.27542	0.664887	0.654106
-1.29996	0.770159	0.641519
-1.31351	0.8587	0.620968
-1.29634	1.022	0.585506
-0.925071	1.69207	0.211693

-0.596334	-1.98089	-0.00513572
-0.633714	-1.97209	0.00480053
-0.688009	-1.95055	0.0157567
-0.759351	-1.92423	0.0206369
-0.801935	-1.89216	0.0153177
-0.849537	-1.86043	0.0486995
-0.882763	-1.81914	0.074191
-0.91809	-1.76859	0.124273
-0.973048	-1.71975	0.171154
-1.0091	-1.67731	0.216583
-1.05819	-1.62258	0.246806
-1.11781	-1.54943	0.30499
-1.13584	-1.48454	0.389238
-1.15542	-1.42307	0.442296
-1.15975	-1.34026	0.496807
-1.1748	-1.26944	0.536479
-1.1615	-1.18547	0.57688
-1.17225	-1.10173	0.597549
-1.18904	-1.00436	0.62851
-1.20353	-0.926851	0.653953
-1.21026	-0.848653	0.647392
-1.2074	-0.760392	0.650481
-1.224	-0.655386	0.661463
-1.22025	-0.569039	0.670567
-1.23058	-0.479876	0.671662
-1.23484	-0.381846	0.650715
-1.24522	-0.270206	0.646632
-1.24289	-0.159255	0.650213
-1.23568	-0.0490221	0.645187
-1.22903	0.0389051	0.656485
-1.22036	0.143016	0.660012
-1.22616	0.235302	0.660433
-1.21627	0.337918	0.676495
-1.22169	0.448576	0.675123
-1.21814	0.540094	0.654446
-1.21458	0.653271	0.642677
-1.2323	0.758934	0.653096
-1.24515	0.836394	0.637504
-1.24517	0.956169	0.609462
-0.56352	1.75131	0.354962

-0.486103	-1.98329	0.00837217
-0.517266	-1.97506	0.0253214
-0.589235	-1.94344	0.0314837
-0.647405	-1.91637	0.0431904
-0.696649	-1.88837	0.0497116
-0.748865	-1.86149	0.0761958
-0.789716	-1.82231	0.13748
-0.837256	-1.76755	0.227706
-0.881459	-1.72575	0.267904
-0.924142	-1.67611	0.315828
-0.958032	-1.61969	0.367054
-0.998624	-1.5571	0.408293
-1.02926	-1.49635	0.459164
-1.04746	-1.42946	0.511753
-1.06886	-1.34083	0.544529
-1.07745	-1.27629	0.568179
-1.0883	-1.18316	0.610214
-1.09199	-1.10564	0.613325
-1.10717	-1.01945	0.648076
-1.11957	-0.937631	0.666891
-1.13265	-0.849844	0.658676
-1.13068	-0.769171	0.655989
-1.14158	-0.67203	0.665244
-1.15044	-0.579003	0.673224
-1.17709	-0.483233	0.664608
-1.17052	-0.405527	0.647762
-1.1586	-0.30125	0.643994
-1.16116	-0.192644	0.633877
-1.1671	-0.0701614	0.633765
-1.16223	0.030714	0.621055
-1.16151	0.114198	0.631391
-1.15843	0.210031	0.637637
-1.15033	0.325503	0.669985
-1.15748	0.421371	0.679113
-1.15011	0.514654	0.66993
-1.16672	0.611284	0.647339
-1.17234	0.708926	0.656948
-1.17421	0.801939	0.666476
-1.15915	0.920292	0.635519
-0.45919	1.63923	0.488562

-0.396671	-1.98571	-0.00279544
-0.422049	-1.9748	0.0111425
-0.492191	-1.94421	0.0604796
-0.547669	-1.91801	0.0897482
-0.600586	-1.89115	0.121634
-0.655362	-1.8594	0.156449
-0.699555	-1.81803	0.219608
-0.757879	-1.76919	0.290091
-0.791822	-1.72919	0.344686
-0.823624	-1.68125	0.379655
-0.874779	-1.61911	0.426375
-0.921124	-1.56344	0.456574
-0.945099	-1.49566	0.504592
-0.962748	-1.43138	0.544293
-0.995833	-1.33992	0.567844
-0.990766	-1.26891	0.603703
-1.00261	-1.17678	0.636949
-1.01976	-1.10891	0.637239
-1.03424	-1.01723	0.659405
-1.04655	-0.939626	0.661006
-1.05826	-0.851189	0.674693
-1.05881	-0.777472	0.665044
-1.0624	-0.694513	0.655188
-1.05647	-0.575068	0.648851
-1.10326	-0.48949	0.652911
-1.09699	-0.423447	0.642703
-1.08385	-0.316805	0.643569
-1.08672	-0.226871	0.633289
-1.08948	-0.118141	0.614287
-1.10534	-0.00830864	0.600571
-1.10061	0.0894795	0.611067
-1.09012	0.200867	0.630927
-1.0846	0.319907	0.663056
-1.08436	0.402715	0.655475
-1.08554	0.498814	0.651028
-1.10702	0.596827	0.661469
-1.10836	0.696116	0.660959
-1.09618	0.820225	0.668266
-1.09388	0.90571	0.644536
-0.614203	1.48306	0.563402

-0.297769	-1.98219	0.0292772
-0.338214	-1.96919	0.0478428
-0.383089	-1.94987	0.0999465
-0.459006	-1.91222	0.174105
-0.501378	-1.88462	0.234273
-0.546969	-1.85318	0.271709
-0.59159	-1.81198	0.324818
-0.661394	-1.77074	0.354848
-0.699703	-1.73301	0.389216
-0.733446	-1.67671	0.432718
-0.789257	-1.61354	0.476527
-0.830145	-1.5533	0.511859
-0.86915	-1.4834	0.534741
-0.882117	-1.41558	0.572912
-0.896104	-1.33624	0.591496
-0.898035	-1.26567	0.623754
-0.917117	-1.18677	0.6457
-0.929071	-1.09876	0.661929
-0.949523	-1.00423	0.66105
-0.951763	-0.927698	0.664322
-0.965193	-0.857622	0.680076
-0.977843	-0.782046	0.664514
-0.97135	-0.688633	0.628022
-0.977257	-0.574376	0.609437
-1.02695	-0.497704	0.62406
-1.01776	-0.427785	0.619942
-1.01667	-0.335995	0.624456
-1.0257	-0.238551	0.602903
-1.03203	-0.138548	0.592099
-1.03405	-0.0437477	0.586952
-1.00927	0.0835181	0.586225
-0.98515	0.189953	0.569746
-0.990611	0.273819	0.584905
-0.994011	0.374753	0.592106
-1.00019	0.486094	0.608708
-1.00849	0.589416	0.653952
-1.01435	0.667719	0.657985
-1.02901	0.787251	0.665527
-1.01404	0.913883	0.652609
-0.874325	1.31482	0.597562

-0.162191	-1.98124	0.0879147
-0.235004	-1.97019	0.125263
-0.257316	-1.95738	0.157615
-0.323829	-1.91821	0.243601
-0.398475	-1.87784	0.316831
-0.439879	-1.84632	0.349407
-0.487774	-1.80778	0.384172
-0.551612	-1.76729	0.405023
-0.592288	-1.72673	0.425949
-0.628266	-1.67339	0.473345
-0.679336	-1.61084	0.525569
-0.712703	-1.55458	0.547651
-0.74238	-1.49835	0.548805
-0.772863	-1.44064	0.572694
-0.799976	-1.35539	0.608477
-0.814423	-1.26641	0.636777
-0.818972	-1.19987	0.64823
-0.826148	-1.11354	0.669906
-0.849637	-1.00521	0.655161
-0.861539	-0.942246	0.66534
-0.864837	-0.860317	0.671152
-0.874244	-0.78626	0.64544
-0.874656	-0.69828	0.608088
-0.88726	-0.595513	0.586261
-0.926165	-0.512433	0.602763
-0.929692	-0.440835	0.587849
-0.933597	-0.345713	0.581407
-0.945413	-0.240173	0.560486
-0.955074	-0.148868	0.547733
-0.945087	-0.064318	0.527495
-0.932553	0.0278319	0.521638
-0.929315	0.148211	0.53578
-0.92815	0.248324	0.549886
-0.912989	0.378223	0.562973
-0.89601	0.475869	0.571435
-0.922345	0.587983	0.615985
-0.939338	0.666638	0.629037
-0.938142	0.774792	0.641393
-0.935915	0.874647	0.650713
-0.990133	1.16972	0.598147

-0.0647008	-1.986	0.123497
-0.155929	-1.97303	0.157603
-0.194792	-1.9541	0.198435
-0.239006	-1.91656	0.304229
-0.2869	-1.87847	0.359309
-0.322847	-1.84606	0.384689
-0.387346	-1.80279	0.429095
-0.427762	-1.77067	0.44574
-0.477756	-1.7268	0.466004
-0.512999	-1.68061	0.513349
-0.57286	-1.61423	0.547444
-0.623125	-1.55458	0.573479
-0.662689	-1.50895	0.576712
-0.681045	-1.44817	0.594166
-0.695739	-1.36479	0.632102
-0.729026	-1.2839	0.643534
-0.73572	-1.21159	0.662666
-0.737718	-1.13912	0.678676
-0.767954	-1.03325	0.656459
-0.762069	-0.951078	0.634991
-0.777774	-0.8821	0.64259
-0.789731	-0.795656	0.632184
-0.788512	-0.705756	0.600042
-0.794789	-0.611457	0.561083
-0.826214	-0.525963	0.560806
-0.831044	-0.459731	0.529769
-0.838181	-0.355481	0.489998
-0.85076	-0.274194	0.492603
-0.868795	-0.16902	0.489467
-0.884371	-0.0615596	0.485301
-0.863804	0.0390522	0.45537
-0.851115	0.129438	0.449265
-0.826103	0.213874	0.452665
-0.830488	0.336902	0.510008
-0.826059	0.426337	0.537829
-0.833131	0.528152	0.559125
-0.829696	0.627307	0.594424
-0.850291	0.752173	0.635927
-0.875971	0.863952	0.666726
-0.948535	1.07357	0.628696

0.0158712	-1.98741	0.118104
-0.0550331	-1.97271	0.174703
-0.113242	-1.94476	0.242255
-0.148932	-1.91125	0.316706
-0.186735	-1.88199	0.370211
-0.209941	-1.84952	0.416001
-0.285526	-1.81315	0.446334
-0.331833	-1.77393	0.47513
-0.387131	-1.72862	0.49726
-0.436916	-1.66727	0.550313
-0.471359	-1.61614	0.557717
-0.522832	-1.54838	0.582795
-0.557688	-1.5119	0.598902
-0.5802	-1.45198	0.613541
-0.599711	-1.38096	0.647508
-0.621699	-1.30159	0.654471
-0.651145	-1.21147	0.669271
-0.66066	-1.14024	0.687681
-0.658192	-1.06828	0.662125
-0.686572	-0.977747	0.641331
-0.696674	-0.900428	0.629633
-0.720152	-0.798949	0.608569
-0.716405	-0.706522	0.57133
-0.713094	-0.626191	0.524789
-0.730719	-0.542101	0.494787
-0.733887	-0.457808	0.452725
-0.759184	-0.367045	0.419175
-0.761092	-0.295845	0.389679
-0.756041	-0.183648	0.336151
-0.765837	-0.0677809	0.337113
-0.770666	0.0247613	0.331314
-0.768803	0.111272	0.335829
-0.754327	0.213494	0.361249
-0.760676	0.332879	0.44487
-0.764442	0.435688	0.488695
-0.767635	0.532808	0.512026
-0.744864	0.644519	0.562554
-0.754377	0.752553	0.628701
-0.789915	0.875476	0.669263
-0.844728	1.0287	0.662533

0.124722	-1.98698	0.0762699
0.0744793	-1.97604	0.145431
0.00858885	-1.95131	0.221667
-0.0522335	-1.91692	0.305969
-0.0935779	-1.88701	0.372875
-0.138704	-1.84849	0.433645
-0.189596	-1.80764	0.470448
-0.238468	-1.7704	0.494836
-0.265398	-1.71974	0.510475
-0.329618	-1.65602	0.559061
-0.370915	-1.61921	0.561066
-0.434471	-1.55166	0.596549
-0.462834	-1.50309	0.620775
-0.495211	-1.44566	0.625741
-0.512561	-1.38144	0.646914
-0.517074	-1.31413	0.652715
-0.545785	-1.22093	0.671926
-0.574949	-1.15748	0.682977
-0.575075	-1.08189	0.65686
-0.598946	-0.98335	0.625826
-0.602964	-0.906107	0.60046
-0.625862	-0.825017	0.597566
-0.627562	-0.72275	0.543218
-0.633785	-0.637887	0.47588
-0.655155	-0.542626	0.430481
-0.659202	-0.472826	0.386505
-0.677102	-0.387438	0.340573
-0.662154	-0.307854	0.255302
-0.662804	-0.183526	0.181437
-0.676919	-0.078909	0.181049
-0.687942	0.00894682	0.184748
-0.673013	0.123886	0.183386
-0.6678	0.250017	0.228621
-0.659433	0.33891	0.303653
-0.647629	0.432835	0.356349
-0.65264	0.523733	0.433898
-0.651077	0.636638	0.501164
-0.660914	0.748361	0.572557
-0.704609	0.875338	0.644165
-0.727253	1.0454	0.652387

0.219769	-1.98819	0.023715
0.166334	-1.98072	0.0961467
0.120199	-1.9622	0.181398
0.041879	-1.92447	0.286704
0.0032415	-1.89648	0.349793
-0.0461971	-1.84321	0.444474
-0.0789017	-1.80957	0.470267
-0.127388	-1.76423	0.49836
-0.157341	-1.71502	0.522555
-0.229623	-1.65229	0.582739
-0.26816	-1.61222	0.589974
-0.334581	-1.54136	0.619456
-0.350509	-1.48844	0.630531
-0.38528	-1.43862	0.638485
-0.409285	-1.38186	0.65349
-0.423526	-1.31423	0.663185
-0.465739	-1.21767	0.676491
-0.488485	-1.1411	0.662882
-0.475418	-1.0633	0.639112
-0.501544	-0.985754	0.630556
-0.524203	-0.916053	0.593601
-0.538522	-0.821741	0.54451
-0.546927	-0.725332	0.495593
-0.525648	-0.636556	0.403831
-0.557406	-0.55034	0.338272
-0.573651	-0.478448	0.27521
-0.579478	-0.396744	0.198037
-0.565009	-0.286071	0.101133
-0.56492	-0.174639	0.0629789
-0.574966	-0.0786996	0.0674292
-0.572925	0.0177341	0.05531
-0.549059	0.130657	0.0524906
-0.569461	0.2439	0.0805773
-0.560035	0.328205	0.0733766
-0.562664	0.415392	0.17805
-0.571416	0.505438	0.317637
-0.575505	0.612965	0.425844
-0.57999	0.730241	0.512068
-0.612607	0.874446	0.58607
-0.643664	1.09723	0.643479

0.313644	-1.9829	0.00659372
0.250755	-1.97577	0.076518
0.213578	-1.95976	0.157508
0.134306	-1.93122	0.267143
0.113391	-1.89944	0.337445
0.0486714	-1.854	0.417525
0.0260296	-1.81202	0.452475
-0.024552	-1.76274	0.505311
-0.0588998	-1.7185	0.54949
-0.121557	-1.65769	0.600796
-0.135484	-1.59564	0.596258
-0.188767	-1.54834	0.605932
-0.240709	-1.49192	0.621626
-0.277064	-1.44348	0.638851
-0.299214	-1.36962	0.654645
-0.307151	-1.29824	0.6629
-0.330029	-1.22036	0.678976
-0.356864	-1.14351	0.661259
-0.36812	-1.07494	0.628589
-0.405422	-0.983738	0.597137
-0.423872	-0.908986	0.567153
-0.443395	-0.825536	0.499063
-0.442062	-0.734303	0.425834
-0.424915	-0.627837	0.285337
-0.441256	-0.553002	0.210813
-0.467635	-0.460731	0.148695
-0.47003	-0.384061	0.0630399
-0.466768	-0.281643	0.0366448
-0.470231	-0.198686	0.0280786
-0.475829	-0.11042	0.0159598
-0.47867	-0.000100494	0.00336138
-0.470898	0.1093	0.00469002
-0.468918	0.219447	-0.0005101
-0.47219	0.302308	0.000956196
-0.473602	0.403239	0.0553152
-0.477731	0.496487	0.164292
-0.48559	0.580431	0.293293
-0.479417	0.701885	0.425412
-0.518095	0.853478	0.553446
-0.531522	1.12075	0.640785

0.41777	-1.97624	0.00497068
0.355921	-1.96687	0.0664734
0.299582	-1.94942	0.164833
0.234835	-1.92959	0.246062
0.195436	-1.89891	0.309695
0.156857	-1.86164	0.369692
0.125504	-1.82218	0.417023
0.0747324	-1.76664	0.476287
0.0351856	-1.72997	0.517276
-0.0168973	-1.66565	0.570657
-0.0559642	-1.60965	0.588073
-0.107038	-1.54798	0.615477
-0.15741	-1.49443	0.639252
-0.181654	-1.44332	0.649169
-0.186214	-1.37449	0.648481
-0.210699	-1.2908	0.648461
-0.231365	-1.21536	0.667676
-0.270589	-1.14568	0.647893
-0.276016	-1.0763	0.601516
-0.294452	-0.989451	0.56891
-0.318513	-0.901388	0.537373
-0.336702	-0.820386	0.481614
-0.328806	-0.729415	0.37929
-0.339257	-0.624205	0.202491
-0.328449	-0.558751	0.106651
-0.349268	-0.457343	0.0472539
-0.358651	-0.375361	0.0163147
-0.378556	-0.290085	0.0181566
-0.386663	-0.194711	0.0140668
-0.394113	-0.100294	0.00720707
-0.403497	0.00496419	0.00842354
-0.389664	0.110952	0.0211396
-0.387979	0.202412	-0.00283683
-0.372476	0.294317	-0.0115979
-0.374111	0.402664	0.00282506
-0.403782	0.50774	0.108543
-0.400819	0.595582	0.244605
-0.399094	0.701956	0.382999
-0.424192	0.809488	0.49308
-0.468661	1.04965	0.608862

0.514543	-1.97465	0.00921482
0.472554	-1.96382	0.0178411
0.393307	-1.94009	0.155419
0.34636	-1.92111	0.233981
0.283896	-1.89209	0.320171
0.235729	-1.85894	0.375743
0.204924	-1.8193	0.434791
0.14565	-1.77214	0.476004
0.123521	-1.72299	0.534053
0.06862	-1.66933	0.582061
0.0392553	-1.61548	0.61551
-0.00562502	-1.55279	0.648494
-0.0525335	-1.49531	0.657311
-0.0916068	-1.4408	0.655999
-0.0947424	-1.35825	0.659911
-0.104006	-1.29343	0.661819
-0.130344	-1.22266	0.667303
-0.167926	-1.14935	0.635689
-0.180763	-1.06834	0.596992
-0.183364	-0.99762	0.583388
-0.202791	-0.910173	0.534976
-0.221463	-0.811643	0.438498
-0.22359	-0.723241	0.329084
-0.247156	-0.636485	0.153482
-0.241376	-0.559746	0.0375481
-0.248718	-0.479293	0.00532512
-0.261485	-0.388339	0.0119676
-0.276395	-0.300283	0.00715933
-0.279892	-0.210401	-0.00315749
-0.284478	-0.102018	0.0117115
-0.285732	0.0106621	0.000939524
-0.291966	0.112807	0.0175396
-0.28564	0.208019	0.00837404
-0.279571	0.326542	0.00233887
-0.270115	0.413102	0.00767814
-0.29074	0.513351	0.0517193
-0.29701	0.61513	0.194908
-0.308792	0.700499	0.340571
-0.334171	0.79014	0.445222
-0.388594	0.999587	0.583277

0.608681	-1.9785	0.00480786
0.581926	-1.96809	-0.00825298
0.507347	-1.94177	0.0555619
0.448035	-1.92075	0.174719
0.385816	-1.8938	0.28437
0.325942	-1.85438	0.36489
0.288978	-1.81796	0.409929
0.237993	-1.77455	0.46905
0.219059	-1.72193	0.529111
0.169399	-1.67039	0.569018
0.119663	-1.61149	0.608692
0.0811687	-1.54599	0.635593
0.0437583	-1.48617	0.647984
0.028283	-1.44723	0.653896
-0.0075906	-1.37007	0.658037
-0.0212528	-1.29766	0.660017
-0.0365618	-1.22277	0.641094
-0.066032	-1.14215	0.620315
-0.0951612	-1.06072	0.595998
-0.0962992	-0.99633	0.580762
-0.103717	-0.904862	0.512884
-0.11623	-0.813971	0.423193
-0.128099	-0.739978	0.317057
-0.143898	-0.650203	0.139401
-0.161271	-0.566819	0.0315001
-0.165676	-0.485813	0.00795736
-0.164866	-0.389477	0.0156844
-0.191213	-0.305735	0.021002
-0.196037	-0.224116	0.00670816
-0.196965	-0.115365	0.00130456
-0.194608	-0.00913985	0.00515409
-0.192186	0.095046	0.0106839
-0.166163	0.211429	0.00434246
-0.190406	0.325381	-0.00597776
-0.189942	0.411547	-0.00340492
-0.183925	0.513677	0.00746912
-0.199276	0.610587	0.0982196
-0.213681	0.699359	0.274351
-0.232886	0.806468	0.443761
-0.285415	0.972868	0.554671

0.700788	-1.97901	0.012266
0.670691	-1.97217	-0.00162292
0.613659	-1.95163	0.0140255
0.531058	-1.91979	0.118423
0.489271	-1.89551	0.217435
0.428549	-1.85461	0.322426
0.384119	-1.81473	0.393497
0.336043	-1.77453	0.463178
0.305738	-1.72899	0.520237
0.271093	-1.6706	0.565223
0.234364	-1.61651	0.589208
0.194029	-1.54232	0.620291
0.12754	-1.48067	0.648613
0.116615	-1.42701	0.650455
0.0990192	-1.36775	0.651477
0.0717479	-1.28841	0.650322
0.0402875	-1.20469	0.644808
0.0306355	-1.13911	0.635523
0.00766206	-1.04379	0.586066
0.0084901	-0.975332	0.563965
-0.00711799	-0.900242	0.511319
-0.0342457	-0.81643	0.422951
-0.0407575	-0.735484	0.272265
-0.0468934	-0.646834	0.103692
-0.0609196	-0.572075	0.0285829
-0.0627912	-0.500565	0.00336633
-0.0680985	-0.3945	-0.000217299
-0.0979536	-0.293127	0.00337504
-0.0956088	-0.208333	-0.00339934
-0.093155	-0.106865	-0.000917729
-0.10005	-0.00649092	0.00429865
-0.0909985	0.103	-0.00263157
-0.0750692	0.185689	-0.0137573
-0.0876259	0.292473	-0.01132
-0.0980672	0.403806	-0.0145657
-0.102032	0.504515	0.00757791
-0.10536	0.598205	0.0426383
-0.119234	0.670503	0.149847
-0.139152	0.777018	0.342892
-0.2069	0.928056	0.50524

0.806418	-1.97821	0.0199459
0.756412	-1.97053	0.00976249
0.711067	-1.94425	0.0106262
0.651784	-1.92264	0.0409148
0.594384	-1.89256	0.144138
0.529854	-1.85536	0.294854
0.492046	-1.81594	0.382187
0.433717	-1.77553	0.450667
0.395873	-1.72315	0.512158
0.359149	-1.66515	0.566492
0.329216	-1.61574	0.586014
0.302116	-1.55529	0.601853
0.255328	-1.48169	0.638411
0.223795	-1.417	0.663067
0.209328	-1.36188	0.665386
0.196054	-1.30028	0.663389
0.156003	-1.22705	0.652235
0.160996	-1.15531	0.625036
0.127292	-1.06563	0.599153
0.103509	-0.99599	0.575519
0.088382	-0.912392	0.519821
0.0662052	-0.831485	0.430156
0.0524745	-0.747925	0.292913
0.0472577	-0.657159	0.116088
0.031606	-0.573476	0.0360953
0.0240428	-0.472681	0.0111127
0.0348789	-0.373592	0.00281736
0.0268907	-0.269575	0.00809272
0.0208416	-0.179938	-0.0147627
0.0216351	-0.0999166	0.0126445
0.0167935	-0.0137208	0.0131636
0.000358554	0.0985573	-0.00046481
-0.00825446	0.192118	-0.00928027
0.00539175	0.299046	-0.0203047
0.00555496	0.392625	-0.0232144
-0.00873986	0.49354	0.00604491
-0.0304166	0.587287	0.0516579
-0.0398112	0.674182	0.154329
-0.0971408	0.826012	0.400359
-0.12584	0.971124	0.558827

0.917721	-1.98378	0.0092937
0.860857	-1.97357	0.00711674
0.79341	-1.94852	0.0115977
0.750706	-1.92435	0.0174771
0.702436	-1.89087	0.0270439
0.637678	-1.86696	0.154519
0.584461	-1.82241	0.31629
0.556381	-1.77959	0.399229
0.511898	-1.71645	0.485188
0.462023	-1.66324	0.546908
0.424143	-1.60766	0.579194
0.404211	-1.56131	0.606199
0.377212	-1.49612	0.646725
0.347583	-1.4356	0.668745
0.29809	-1.35676	0.676308
0.281884	-1.30401	0.672643
0.245052	-1.2329	0.654589
0.237104	-1.15198	0.639696
0.203724	-1.0652	0.623582
0.197983	-0.993371	0.591279
0.188831	-0.911086	0.531149
0.17452	-0.844442	0.453754
0.160404	-0.758869	0.341662
0.15249	-0.668188	0.155844
0.153987	-0.576975	0.0359902
0.139141	-0.48102	0.00832395
0.144532	-0.38585	0.00267857
0.146409	-0.271541	0.00135152
0.121746	-0.174873	-0.00509292
0.106794	-0.0820218	0.0100726
0.110302	-0.00267481	0.000836809
0.102486	0.0915696	-0.00704398
0.0951045	0.193055	0.00264724
0.0998885	0.29984	-0.00235398
0.103168	0.412069	-0.00402816
0.0916939	0.501152	0.0210547
0.0856796	0.602564	0.0846467
0.0678378	0.717709	0.260084
-0.0174435	0.835002	0.413075
-0.186637	1.10962	0.6119

1.03304	-1.98637	0.0220037
0.975655	-1.97302	0.00310612
0.906121	-1.95049	0.0149569
0.859884	-1.91863	0.00285303
0.784252	-1.89135	0.00188449
0.731453	-1.85856	0.0691982
0.680237	-1.823	0.209483
0.65561	-1.76804	0.354285
0.605809	-1.70929	0.470786
0.564699	-1.65934	0.514667
0.517806	-1.61305	0.560525
0.488709	-1.55984	0.601928
0.452982	-1.49065	0.636133
0.438413	-1.43315	0.645731
0.389705	-1.36221	0.653766
0.381063	-1.29471	0.665845
0.363783	-1.22688	0.653197
0.342056	-1.15035	0.658488
0.318984	-1.08158	0.643702
0.306325	-0.987291	0.619433
0.284369	-0.919619	0.562945
0.265089	-0.841357	0.473877
0.252494	-0.743677	0.368136
0.252599	-0.65786	0.204795
0.244498	-0.577656	0.0652125
0.230607	-0.484896	0.0101529
0.231415	-0.365911	0.000758864
0.231342	-0.272384	0.00795305
0.234842	-0.179593	0.00594715
0.213563	-0.0690218	0.00507439
0.203507	0.00510599	-0.000825605
0.200938	0.101204	-0.00314949
0.199934	0.203964	-0.00455727
0.213723	0.30498	0.0032348
0.206505	0.409363	0.00989195
0.203373	0.515292	0.0250607
0.194454	0.617842	0.117064
0.147018	0.734228	0.293468
0.0731965	0.886419	0.460229
-0.152441	1.21811	0.62012

1.14691	-1.98049	0.0144691
1.09219	-1.97111	0.00462061
1.03352	-1.94617	0.0133975
0.961475	-1.91791	0.000686158
0.901671	-1.88501	-0.0147763
0.831289	-1.86014	0.0250933
0.799888	-1.82352	0.122074
0.770355	-1.7634	0.290919
0.724955	-1.71156	0.412254
0.663695	-1.67091	0.460987
0.621101	-1.62331	0.513514
0.582023	-1.55364	0.571979
0.55139	-1.49264	0.615073
0.51866	-1.42816	0.649196
0.48312	-1.36148	0.654153
0.469927	-1.29255	0.664596
0.463837	-1.21885	0.665581
0.420756	-1.14183	0.658159
0.415747	-1.06996	0.632811
0.393399	-0.99065	0.613322
0.376669	-0.913861	0.570525
0.365374	-0.833876	0.51679
0.354379	-0.730396	0.429118
0.34327	-0.649404	0.295505
0.339891	-0.570005	0.124032
0.338652	-0.480529	0.00801718
0.333039	-0.367953	-0.00316012
0.32923	-0.263463	0.0134171
0.339739	-0.162929	0.00469209
0.324986	-0.0724105	0.00615066
0.320525	-0.00164371	0.0160125
0.303128	0.0929379	0.0181175
0.290959	0.190484	0.0104758
0.306411	0.313233	0.0119317
0.298768	0.415626	0.00975013
0.291734	0.507026	0.0117295
0.292121	0.590707	0.107663
0.261717	0.719072	0.313472
0.183156	0.872694	0.470694
0.0095133	1.1451	0.603559

1.22542	-1.9822	0.00910939
1.19105	-1.96415	-0.0128335
1.12393	-1.93847	0.00749536
1.06443	-1.90667	-0.00654472
0.999998	-1.87943	-0.021639
0.930559	-1.85421	-0.00915735
0.898627	-1.81761	0.0351023
0.865334	-1.77331	0.177253
0.803837	-1.71946	0.344692
0.757889	-1.67476	0.417037
0.717144	-1.61507	0.489618
0.667379	-1.5433	0.55593
0.642886	-1.48308	0.610067
0.617785	-1.42258	0.646545
0.584285	-1.36659	0.656459
0.565309	-1.28398	0.65543
0.551951	-1.22324	0.655857
0.521271	-1.14484	0.649232
0.504862	-1.06593	0.637454
0.490914	-0.992189	0.619434
0.472716	-0.906388	0.589589
0.461989	-0.823138	0.549028
0.443172	-0.72008	0.468675
0.433685	-0.634989	0.357967
0.435156	-0.557703	0.234217
0.432862	-0.477918	0.0896184
0.433063	-0.387212	0.0218214
0.43677	-0.297363	0.0100647
0.436018	-0.185382	-0.00641793
0.414566	-0.0816003	-0.0111962
0.404679	-0.00865153	-0.00270929
0.39007	0.0842488	0.0184403
0.390655	0.171282	0.0214418
0.397068	0.289758	0.0225992
0.386489	0.41583	0.0286784
0.369554	0.514151	0.080034
0.374806	0.605146	0.212982
0.363626	0.727915	0.391069
0.268867	0.954765	0.517577
0.148804	1.11419	0.600079

1.34266	-1.98588	0.012516
1.2929	-1.96641	-0.0167391
1.24926	-1.94652	0.00316969
1.16735	-1.91539	-0.000665029
1.10067	-1.88934	0.00571073
1.03519	-1.85364	-0.00308458
0.98132	-1.8156	0.0186239
0.937325	-1.76827	0.0976131
0.89665	-1.72744	0.226318
0.870077	-1.67735	0.332044
0.830297	-1.60706	0.461533
0.770743	-1.54039	0.541634
0.738555	-1.47228	0.598606
0.704777	-1.41831	0.62852
0.678186	-1.34324	0.651743
0.658309	-1.28196	0.63838
0.637923	-1.22631	0.636221
0.622653	-1.15331	0.652436
0.602511	-1.07692	0.654381
0.590242	-0.987387	0.656677
0.575475	-0.898939	0.621799
0.570615	-0.815659	0.582058
0.559791	-0.721564	0.529368
0.553526	-0.641783	0.446663
0.544686	-0.559318	0.354516
0.538116	-0.461177	0.216201
0.516748	-0.379398	0.105676
0.51647	-0.293931	0.0580693
0.525976	-0.177753	0.0104541
0.509096	-0.0918498	-0.00413775
0.501225	0.00465875	0.00412994
0.485446	0.101401	0.0321327
0.480592	0.183508	0.0328246
0.511651	0.289174	0.060087
0.51449	0.404233	0.110415
0.501175	0.496291	0.209367
0.502315	0.60565	0.349621
0.468297	0.7153	0.451983
0.399637	1.02099	0.575461
0.309657	1.17969	0.635292

1.44697	-1.98775	-0.0116091
1.38248	-1.97015	-0.00811463
1.33987	-1.94418	-0.00559276
1.26242	-1.92036	0.00673305
1.19357	-1.89402	0.00970463
1.14064	-1.86023	0.010375
1.09501	-1.81423	0.0263794
1.02589	-1.76664	0.0580247
0.983819	-1.71771	0.162754
0.96365	-1.65749	0.289632
0.92934	-1.59803	0.393592
0.877644	-1.54191	0.493838
0.837773	-1.48397	0.557621
0.829315	-1.41073	0.607313
0.790779	-1.33014	0.641422
0.753723	-1.2781	0.644116
0.724547	-1.21869	0.634474
0.705461	-1.15825	0.647687
0.704736	-1.07014	0.657894
0.699605	-0.978836	0.656107
0.688556	-0.901674	0.624209
0.681081	-0.836796	0.609803
0.651065	-0.737465	0.569182
0.637915	-0.640556	0.493231
0.654072	-0.56424	0.478532
0.649541	-0.469705	0.399114
0.630954	-0.378735	0.272454
0.63545	-0.292735	0.23417
0.620215	-0.18722	0.150827
0.60935	-0.0945863	0.0758118
0.623229	0.0108155	0.0705693
0.619557	0.094663	0.101774
0.606345	0.201784	0.125074
0.627915	0.295856	0.201078
0.608149	0.404527	0.236709
0.613183	0.491505	0.343935
0.609545	0.608885	0.445862
0.554673	0.778206	0.531264
0.580164	0.987746	0.595939
0.502186	1.21664	0.648082

1.52966	-1.98786	-0.0200978
1.48712	-1.96752	0.000973559
1.43069	-1.93815	-0.00829904
1.36664	-1.91995	0.00277887
1.27615	-1.88902	-0.00254856
1.23496	-1.85599	0.00833735
1.19546	-1.81288	0.0311733
1.14469	-1.76657	0.00431824
1.1238	-1.71499	0.0255287
1.0799	-1.65498	0.162679
1.04057	-1.60553	0.295157
0.98609	-1.54835	0.418235
0.958865	-1.48818	0.493358
0.940619	-1.41405	0.558583
0.909634	-1.35909	0.585965
0.858684	-1.29115	0.629665
0.820496	-1.22783	0.643972
0.82463	-1.16547	0.646835
0.823188	-1.0943	0.661217
0.81116	-1.01047	0.668638
0.782264	-0.925587	0.648561
0.779409	-0.853421	0.634442
0.75809	-0.74744	0.609158
0.74715	-0.648939	0.562163
0.751752	-0.570531	0.550898
0.745871	-0.473149	0.504189
0.743136	-0.382371	0.418622
0.739213	-0.316909	0.383421
0.744015	-0.213001	0.355778
0.750209	-0.124078	0.329768
0.737825	-0.0197571	0.284308
0.751465	0.0659518	0.313421
0.754948	0.18413	0.337152
0.750895	0.26966	0.38303
0.729612	0.378619	0.402946
0.734892	0.458984	0.449299
0.774087	0.576527	0.525615
0.667286	0.72182	0.549976
0.660164	0.945068	0.617222
0.524766	1.61368	0.455278

1.65004	-1.87765	0.0126807
1.62677	-1.89853	0.0121915
1.5509	-1.92566	0.00276499
1.52636	-1.88693	0.00061381
1.46326	-1.87057	-0.00480124
1.39904	-1.84531	0.000453359
1.34278	-1.80623	0.024107
1.28808	-1.77233	0.00204491
1.25997	-1.73118	0.00841794
1.22123	-1.67259	0.0389663
1.1823	-1.62666	0.0982095
1.16272	-1.56807	0.188234
1.15167	-1.49927	0.324126
1.07847	-1.43653	0.446134
1.04276	-1.392	0.506881
0.994645	-1.31961	0.571787
0.976681	-1.25063	0.613527
0.945943	-1.18804	0.631246
0.925392	-1.11101	0.662175
0.934239	-1.03789	0.658607
0.941606	-0.951642	0.652482
0.97075	-0.893919	0.657946
0.996469	-0.808015	0.668867
1.01925	-0.724833	0.658536
0.969555	-0.65168	0.633717
0.956832	-0.554793	0.61108
0.89433	-0.461408	0.546452
0.903338	-0.379342	0.537474
0.905449	-0.283606	0.519082
0.900202	-0.185004	0.486509
0.890235	-0.0922179	0.483191
0.930951	-0.0176946	0.499566
0.926445	0.0885261	0.508957
0.99227	0.184213	0.571215
0.950734	0.268372	0.56508
0.970696	0.378745	0.59453
0.99651	0.509588	0.604648
1.01273	0.652724	0.635978
1.04286	0.942736	0.646647
0.772287	1.60362	0.423092

1.67394	-1.90523	0.00787238
1.68889	-1.93455	0.021052
1.79387	-1.95286	-0.0133084
1.76746	-1.91514	-0.0141388
1.79835	-1.84632	-0.0134471
1.85652	-1.75106	-0.000763528
1.83516	-1.65182	0.024505
1.7169	-1.66925	0.0161601
1.53033	-1.69107	0.0118149
1.42999	-1.67358	0.0102183
1.36229	-1.62853	0.00710911
1.36769	-1.53874	0.0240141
1.45916	-1.47113	0.0424182
1.55861	-1.41539	0.0863133
1.7457	-1.3411	0.0616149
1.61901	-1.28101	0.180529
1.35721	-1.26167	0.385431
1.19117	-1.24089	0.508327
1.11404	-1.159	0.600564
1.14522	-1.09382	0.610565
1.15195	-1.02922	0.59881
1.23809	-0.959436	0.5927
1.31392	-0.91457	0.54721
1.42324	-0.905905	0.48826
1.64941	-0.922973	0.243651
1.65053	-0.811703	0.286576
1.57443	-0.554936	0.36929
1.45309	-0.492982	0.536679
1.30402	-0.479675	0.613158
1.23823	-0.373626	0.622557
1.14311	-0.243125	0.608207
1.12798	-0.132016	0.595546
1.24319	-0.099722	0.591263
1.30173	-0.00915431	0.603657
1.60013	-0.0387447	0.506507
1.59581	0.0284285	0.528303
1.37151	0.256942	0.615484
1.51375	0.462887	0.52659
1.59325	0.776385	0.383337
1.35789	1.53957	0.146139

