-2	-2	0
-1.99651	-1.90096	0.00178879
-1.99402	-1.81135	0.00243302
-1.99125	-1.72076	-0.00165179
-1.98738	-1.64191	-0.00801975
-1.98809	-1.56346	-0.00973172
-1.98935	-1.48047	-0.0106592
-1.98792	-1.38162	-0.00450425
-1.99056	-1.28287	-0.00199659
-1.98594	-1.17012	0.00507972
-1.98593	-1.0855	-0.000888536
-1.98393	-0.998845	0.00223008
-1.98438	-0.914147	0.00388196
-1.98754	-0.820916	-0.00289585
-1.98944	-0.709707	0.00122889
-1.98903	-0.600969	0.00487415
-1.98784	-0.5031	0.0115086
-1.99058	-0.407361	0.0173608
-1.99097	-0.305218	0.0162166
-1.98518	-0.212743	0.0671821
-1.9866	-0.133544	0.0722742
-1.9847	-0.0371718	0.0783811
-1.98708	0.0679753	0.0726368
-1.98356	0.180686	0.0743328
-1.98475	0.266702	0.0549688
-1.98283	0.362107	0.0534522
-1.98279	0.461253	0.0374224
-1.98698	0.562804	0.0266859
-1.98813	0.672065	0.0189766
-1.9846	0.788537	0.0122082
-1.98719	0.892	0.00645915
-1.98263	1.00665	0.0126681
-1.98364	1.09923	0.0212086
-1.98452	1.18133	0.0207287
-1.98568	1.27757	0.0161193
-1.98232	1.39407	0.0129524
-1.9851	1.50561	0.0113455
-1.985	1.61492	0.00533745
-1.98434	1.71831	-0.00239891
-1.95261	1.85894	0.00415254

-1.9027	-1.99512	-0.00909807
-1.91238	-1.91311	-0.00709257
-1.91524	-1.86814	-0.00492153
-1.92653	-1.7985	-0.00113622
-1.93009	-1.73271	-0.00220145
-1.93359	-1.66148	-0.00482828
-1.93304	-1.5907	-0.00783667
-1.93532	-1.51274	-0.00557359
-1.93132	-1.44492	0.00146498
-1.93943	-1.34095	0.0128528
-1.94361	-1.24002	0.00489905
-1.94561	-1.11921	0.0101688
-1.93948	-1.03659	-0.00769634
-1.93615	-0.969519	-0.00504364
-1.93638	-0.873618	-0.00278702
-1.93265	-0.749263	0.00407756
-1.93959	-0.62018	0.0260893
-1.9409	-0.523424	0.0434528
-1.94642	-0.414114	0.0518276
-1.95036	-0.313384	0.0988786
-1.94641	-0.226702	0.122509
-1.94267	-0.124902	0.15107
-1.93774	-0.0202728	0.182193
-1.94515	0.0915503	0.154841
-1.94168	0.185379	0.150373
-1.9387	0.292074	0.143
-1.93983	0.384889	0.112768
-1.94007	0.482278	0.0838485
-1.94239	0.592033	0.0484114
-1.94037	0.714275	0.0302546
-1.93431	0.801422	0.0163778
-1.94114	0.927079	0.0067613
-1.94109	1.03762	0.00418387
-1.9416	1.12371	0.00911409
-1.9315	1.21959	0.0123867
-1.9296	1.32154	0.00215181
-1.9265	1.42227	0.00264955
-1.91838	1.51073	-0.00355063
-1.91815	1.60756	0.0102704
-1.90033	1.77625	9.38066e-05

-1.82409	-1.99105	-0.00570191
-1.87314	-1.9247	-0.0116409
-1.87049	-1.89241	-0.00683712
-1.88964	-1.83666	-0.008563
-1.89647	-1.7866	-0.0142217
-1.90426	-1.71185	-0.0058903
-1.91018	-1.63507	-0.00161574
-1.9167	-1.54983	-0.000424568
-1.91548	-1.47279	0.005977
-1.91933	-1.37308	0.0145733
-1.92128	-1.27722	0.00573181
-1.92283	-1.17186	0.00818915
-1.92101	-1.07549	-0.0108042
-1.91939	-1.00065	-0.009665
-1.91958	-0.911434	-0.0159228
-1.91404	-0.804721	0.00845117
-1.92062	-0.677008	0.028029
-1.917	-0.590923	0.0710357
-1.91949	-0.509602	0.0934237
-1.92782	-0.401956	0.13722
-1.92708	-0.315065	0.17451
-1.92344	-0.221845	0.195734
-1.91556	-0.094372	0.2364
-1.91589	0.0160962	0.23947
-1.91464	0.106208	0.240832
-1.91568	0.221471	0.218943
-1.91635	0.319411	0.196595
-1.90984	0.407722	0.185365
-1.90876	0.501341	0.163828
-1.91151	0.615179	0.123071
-1.89987	0.698931	0.0979098
-1.91185	0.834133	0.0458681
-1.91055	0.95589	0.0242522
-1.90775	1.04024	0.0158016
-1.89825	1.14852	0.0177571
-1.90022	1.26898	-0.00273688
-1.89966	1.37762	-0.0022625
-1.88984	1.47166	-0.00566926
-1.89088	1.57551	0.0121348
-1.8042	1.81937	-0.00968397

-1.74278	-1.99057	-0.00325446
-1.82814	-1.92975	-0.00995414
-1.82898	-1.89223	-0.00691622
-1.86158	-1.8369	-0.00172781
-1.86596	-1.79503	-0.00439269
-1.87085	-1.72189	-0.00119306
-1.87701	-1.66214	0.00107036
-1.88163	-1.59435	0.00063433
-1.8858	-1.51236	-0.00277531
-1.88905	-1.41201	0.00293785
-1.89373	-1.31398	-0.00217295
-1.8942	-1.20934	0.00429046
-1.89856	-1.10056	-0.00651703
-1.89608	-1.02497	0.00476989
-1.89448	-0.943196	0.00619783
-1.88945	-0.84568	0.028652
-1.89893	-0.722087	0.0492885
-1.89991	-0.623164	0.0910405
-1.89906	-0.53841	0.115736
-1.90632	-0.422148	0.153805
-1.90383	-0.320947	0.191669
-1.89371	-0.214665	0.244006
-1.88859	-0.101174	0.285743
-1.88874	-0.00517448	0.285642
-1.88981	0.0869299	0.284473
-1.88859	0.202035	0.277681
-1.88992	0.292598	0.258247
-1.88211	0.375381	0.247027
-1.88414	0.47288	0.225952
-1.88545	0.584374	0.188339
-1.8765	0.665014	0.151079
-1.88525	0.786207	0.0799937
-1.88184	0.901806	0.033598
-1.87401	0.976723	0.00891302
-1.86676	1.06073	0.00546472
-1.86876	1.18089	-0.00431471
-1.86981	1.28317	-0.010382
-1.86399	1.3764	-0.0135278
-1.85515	1.50001	-0.00329517
-1.78831	1.77594	-0.0174348

-1.66605	-1.98796	-0.0039857
-1.75613	-1.93434	-0.00905078
-1.7622	-1.89598	-0.0108375
-1.81353	-1.84081	-0.00598863
-1.82012	-1.79951	-0.0032669
-1.83499	-1.73328	0.00131818
-1.84309	-1.67581	-8.60406e-05
-1.83963	-1.61224	0.00135997
-1.84652	-1.52473	-0.00193425
-1.85391	-1.41936	-0.000164513
-1.85536	-1.32696	0.000514122
-1.84814	-1.23271	0.0145026
-1.85813	-1.13224	0.00805921
-1.85936	-1.05912	0.0221452
-1.85573	-0.981328	0.0354084
-1.85416	-0.895851	0.0668598
-1.86136	-0.785703	0.0994398
-1.86179	-0.695425	0.134506
-1.85628	-0.616191	0.167541
-1.85954	-0.494956	0.199286
-1.85737	-0.365655	0.256749
-1.85674	-0.261697	0.304519
-1.85334	-0.160726	0.347045
-1.84724	-0.083077	0.365723
-1.84414	-0.00758887	0.368705
-1.8471	0.116097	0.363258
-1.84784	0.212129	0.351119
-1.84215	0.307981	0.331826
-1.8451	0.427171	0.30896
-1.84698	0.541761	0.265541
-1.83987	0.640053	0.215989
-1.84708	0.746321	0.128052
-1.84603	0.856012	0.0694645
-1.84191	0.933487	0.0361321
-1.83005	1.0221	0.0125207
-1.84209	1.13697	0.000778638
-1.84266	1.2229	-0.00409231
-1.8398	1.30958	-0.0080653
-1.82672	1.44449	-0.00675978
-1.6822	1.75634	-0.0159145

-1.59516	-1.9861	-0.0109413
-1.66887	-1.93604	-0.0205101
-1.6776	-1.90734	-0.0298898
-1.7388	-1.85913	-0.0193212
-1.75006	-1.81672	-0.0151474
-1.77835	-1.74964	-0.00283404
-1.78773	-1.70042	-0.00253199
-1.78321	-1.64658	-0.000687867
-1.78614	-1.56203	0.00514131
-1.79422	-1.48097	0.00925766
-1.7956	-1.40206	0.00723304
-1.79687	-1.31482	0.013404
-1.81134	-1.198	0.0168215
-1.81013	-1.12193	0.0260697
-1.81542	-1.02989	0.0410735
-1.81927	-0.937729	0.0795135
-1.83064	-0.82383	0.12189
-1.83071	-0.723906	0.167171
-1.81884	-0.639418	0.21996
-1.81098	-0.530788	0.282513
-1.81298	-0.40982	0.323938
-1.81687	-0.304263	0.358305
-1.82139	-0.19567	0.395544
-1.8159	-0.116508	0.41565
-1.80676	-0.0451306	0.430126
-1.80983	0.065928	0.421484
-1.80584	0.162329	0.413532
-1.79685	0.262698	0.406322
-1.79636	0.374377	0.398875
-1.79164	0.471963	0.383342
-1.79118	0.559063	0.337751
-1.79859	0.659712	0.253033
-1.80277	0.783713	0.175513
-1.80051	0.88127	0.115417
-1.7852	0.981257	0.0691341
-1.8014	1.09756	0.0310448
-1.80156	1.18835	0.0122352
-1.7999	1.27628	0.00444831
-1.79267	1.40827	0.00555591
-1.49934	1.78877	-0.0128936

-1.52099	-1.98464	-0.00724708
-1.5761	-1.94999	-0.00877225
-1.59371	-1.92702	-0.0155485
-1.64325	-1.8838	-0.00892896
-1.65993	-1.84532	-0.00624067
-1.70901	-1.7751	0.00173686
-1.72498	-1.72822	0.000964376
-1.72424	-1.67334	0.00246243
-1.73979	-1.5795	0.0120415
-1.75394	-1.49885	0.00973989
-1.7537	-1.43059	0.0157162
-1.75627	-1.3611	0.0219755
-1.76804	-1.2581	0.0227214
-1.76033	-1.17515	0.0452705
-1.77316	-1.06692	0.0720707
-1.77741	-0.967676	0.108204
-1.78721	-0.867158	0.153773
-1.78326	-0.77593	0.200924
-1.7704	-0.690357	0.276639
-1.7605	-0.592249	0.334997
-1.76579	-0.46152	0.376577
-1.76546	-0.346161	0.418591
-1.77762	-0.239254	0.443216
-1.77533	-0.167445	0.45947
-1.76675	-0.105747	0.473942
-1.76092	-0.00567517	0.486049
-1.75723	0.0856727	0.497054
-1.75113	0.187362	0.492779
-1.75499	0.306693	0.467992
-1.75086	0.412039	0.442096
-1.75186	0.502762	0.399301
-1.75326	0.60795	0.339113
-1.75422	0.726244	0.288246
-1.75236	0.819329	0.227417
-1.74446	0.922824	0.160648
-1.76134	1.04572	0.0732634
-1.76193	1.13612	0.0267908
-1.75664	1.22145	0.0112251
-1.74834	1.35694	0.00791747
-1.42016	1.76339	0.00204798

-1.45298	-1.98652	-0.00883352
-1.5162	-1.94486	-0.0029894
-1.53409	-1.92413	-0.00655319
-1.58407	-1.88106	0.00446601
-1.59381	-1.84325	0.00296309
-1.6534	-1.77895	0.0089933
-1.66573	-1.73548	0.00635129
-1.66379	-1.67825	0.00752889
-1.68244	-1.58828	0.018641
-1.70133	-1.52046	0.013926
-1.70936	-1.45857	0.022276
-1.71562	-1.39166	0.0312981
-1.72619	-1.29573	0.0272676
-1.71136	-1.21161	0.0423276
-1.73003	-1.11372	0.0635347
-1.73302	-1.03648	0.105475
-1.74196	-0.946608	0.160436
-1.741	-0.855902	0.229945
-1.73489	-0.768947	0.301788
-1.72319	-0.677096	0.3718
-1.71599	-0.553442	0.421056
-1.71721	-0.430401	0.46101
-1.73192	-0.316115	0.476545
-1.73674	-0.221666	0.488907
-1.72951	-0.145749	0.5007
-1.72333	-0.0385423	0.520802
-1.72002	0.0555015	0.530363
-1.71264	0.146104	0.525222
-1.71573	0.255924	0.502984
-1.71245	0.367962	0.48136
-1.70871	0.458218	0.467255
-1.70853	0.5539	0.426885
-1.71158	0.662236	0.381002
-1.70635	0.758864	0.323302
-1.69998	0.881149	0.241379
-1.71703	1.02956	0.117775
-1.71531	1.135	0.0459815
-1.7039	1.21897	0.0102099
-1.69822	1.3279	0.0013062
-0.953957	1.78896	0.138291

-1.35809	-1.98732	-0.0120101
-1.44869	-1.94144	0.00292674
-1.46518	-1.9198	0.00135438
-1.51704	-1.88127	0.0147573
-1.52155	-1.84274	0.00255981
-1.58344	-1.78578	0.00455133
-1.59106	-1.74375	-0.00333843
-1.58489	-1.69483	0.00164141
-1.61302	-1.61302	0.00356533
-1.63734	-1.55126	0.00589249
-1.65119	-1.48804	0.0207957
-1.65823	-1.41293	0.0286255
-1.67309	-1.32179	0.0394598
-1.6647	-1.23615	0.0688938
-1.68848	-1.13383	0.106157
-1.69186	-1.06252	0.148176
-1.7011	-0.973382	0.198849
-1.70433	-0.877254	0.267559
-1.70021	-0.782772	0.336784
-1.68697	-0.689364	0.401815
-1.67791	-0.567821	0.446038
-1.68046	-0.447363	0.486636
-1.68827	-0.348067	0.504577
-1.69325	-0.253812	0.516239
-1.68064	-0.174629	0.539818
-1.67646	-0.0766947	0.559451
-1.67914	0.014352	0.562074
-1.67179	0.0972306	0.558741
-1.66632	0.202698	0.540031
-1.66972	0.326623	0.51562
-1.66827	0.427884	0.504433
-1.66998	0.531205	0.474461
-1.66854	0.637033	0.443308
-1.65335	0.733781	0.407216
-1.6401	0.856095	0.356851
-1.65759	0.984298	0.252903
-1.65682	1.08217	0.168723
-1.65358	1.17306	0.0930049
-1.64752	1.28571	0.0468905
-0.990036	1.75757	0.138657

-1.2373	-1.98792	-0.00716686
-1.34478	-1.94234	0.00458949
-1.36955	-1.91499	0.00171536
-1.42666	-1.87939	0.0151616
-1.44097	-1.83993	0.00246039
-1.51135	-1.78005	0.0105759
-1.52634	-1.73711	0.00245924
-1.52316	-1.683	0.0142801
-1.55909	-1.61071	0.0132157
-1.5848	-1.55053	0.0178798
-1.59477	-1.48421	0.0240257
-1.60458	-1.41159	0.0401662
-1.61594	-1.3326	0.0648203
-1.60905	-1.24099	0.103541
-1.63333	-1.14641	0.152684
-1.63532	-1.08117	0.199478
-1.64193	-0.998251	0.249591
-1.64647	-0.898595	0.316919
-1.64133	-0.794996	0.384145
-1.6266	-0.706681	0.436369
-1.62217	-0.589813	0.479419
-1.63261	-0.465166	0.521775
-1.63675	-0.373697	0.537449
-1.64003	-0.278108	0.548999
-1.63202	-0.187506	0.56882
-1.63021	-0.0852756	0.584266
-1.63994	0.00542425	0.582528
-1.62778	0.0749403	0.582378
-1.61811	0.172016	0.578294
-1.62338	0.286074	0.557244
-1.62217	0.385074	0.549949
-1.62098	0.481302	0.531623
-1.61546	0.58432	0.50958
-1.59676	0.689873	0.482547
-1.58365	0.820228	0.432056
-1.60213	0.951232	0.347624
-1.60115	1.05165	0.270541
-1.60207	1.14847	0.179498
-1.60308	1.26718	0.0973642
-1.06973	1.71035	0.142331

-1.13639	-1.98724	0.00498031
-1.22274	-1.94433	0.0105201
-1.2534	-1.91702	0.00746727
-1.31623	-1.88431	0.00967341
-1.34056	-1.84726	0.00031545
-1.4131	-1.78959	0.0126855
-1.43928	-1.74129	0.020379
-1.44502	-1.68887	0.0320759
-1.48147	-1.624	0.0336953
-1.50645	-1.56392	0.0368736
-1.51871	-1.5061	0.0437246
-1.52751	-1.43432	0.0681788
-1.53716	-1.36079	0.104081
-1.5395	-1.2733	0.148448
-1.56962	-1.172	0.215845
-1.56984	-1.10636	0.280996
-1.56938	-1.03947	0.325966
-1.57097	-0.949523	0.38034
-1.57625	-0.835821	0.437395
-1.5597	-0.746644	0.48487
-1.55484	-0.642373	0.518515
-1.57572	-0.527304	0.551268
-1.57644	-0.443387	0.576514
-1.58107	-0.345821	0.581931
-1.57036	-0.251269	0.594035
-1.5703	-0.150574	0.602513
-1.58779	-0.0441719	0.606051
-1.57217	0.0371519	0.618807
-1.56292	0.128994	0.617752
-1.56814	0.239889	0.59792
-1.57003	0.352363	0.584982
-1.56671	0.450615	0.581396
-1.55887	0.53872	0.570376
-1.54196	0.633566	0.561937
-1.53016	0.751073	0.515917
-1.54198	0.892073	0.443391
-1.53937	1.01398	0.372959
-1.53668	1.12233	0.286953
-1.54654	1.24684	0.17605
-1.19785	1.63807	0.118802

-1.03546	-1.98756	0.00121391
-1.11172	-1.9431	0.00969093
-1.14785	-1.91689	0.00559026
-1.21219	-1.88179	0.0127299
-1.238	-1.84595	0.0107892
-1.31133	-1.79196	0.0181373
-1.35193	-1.74411	0.00517821
-1.36953	-1.70534	0.0253319
-1.39902	-1.65254	0.0363518
-1.42816	-1.59006	0.04916
-1.437	-1.52917	0.0714435
-1.46311	-1.44898	0.0876684
-1.47179	-1.3819	0.132261
-1.47407	-1.30176	0.182732
-1.50689	-1.19357	0.263894
-1.5114	-1.11474	0.349826
-1.50489	-1.05397	0.40815
-1.5012	-0.983373	0.455722
-1.50805	-0.883087	0.504141
-1.49866	-0.798173	0.54705
-1.49817	-0.705992	0.565023
-1.51986	-0.583988	0.5824
-1.51873	-0.478473	0.601887
-1.52405	-0.364524	0.601445
-1.51166	-0.250333	0.615391
-1.5093	-0.157631	0.630641
-1.52536	-0.0747964	0.63374
-1.51811	0.00177176	0.645594
-1.50987	0.0842994	0.653091
-1.50581	0.178783	0.645656
-1.51173	0.274826	0.628473
-1.51166	0.378754	0.626282
-1.50251	0.479881	0.616976
-1.48426	0.593478	0.61206
-1.46821	0.713039	0.582457
-1.47697	0.829618	0.538182
-1.46948	0.920383	0.507077
-1.46097	1.01984	0.443657
-1.46752	1.16729	0.323579
-1.30569	1.55409	0.0972176

-0.927802	-1.98937	-0.0180108
-0.997632	-1.94959	-0.00505891
-1.03078	-1.92254	-0.00190048
-1.09774	-1.88996	-0.0027103
-1.12447	-1.8517	0.00755981
-1.18269	-1.80229	0.0211032
-1.25956	-1.7465	0.00647299
-1.28974	-1.71142	0.0247784
-1.31936	-1.66465	0.033708
-1.3517	-1.60556	0.0561968
-1.35302	-1.54147	0.0828799
-1.3944	-1.46128	0.0992304
-1.40122	-1.40591	0.1451
-1.39571	-1.33194	0.216846
-1.42281	-1.23892	0.291745
-1.44128	-1.14186	0.385628
-1.43984	-1.07085	0.445226
-1.43968	-0.994406	0.493696
-1.452	-0.901639	0.538757
-1.45086	-0.815022	0.572498
-1.44818	-0.71979	0.584765
-1.46053	-0.599876	0.605126
-1.45674	-0.488887	0.621407
-1.4527	-0.380556	0.619191
-1.44385	-0.253392	0.631156
-1.4506	-0.16368	0.63195
-1.45975	-0.0977724	0.635508
-1.45893	-0.0280539	0.646564
-1.45281	0.0568522	0.65181
-1.45531	0.151331	0.65229
-1.45644	0.242621	0.640911
-1.44966	0.350998	0.634567
-1.43551	0.431504	0.621113
-1.42449	0.521763	0.621637
-1.41776	0.637484	0.602015
-1.42362	0.761829	0.58471
-1.41604	0.864039	0.566061
-1.39871	0.964531	0.52808
-1.40214	1.12086	0.420745
-1.3615	1.47785	0.11688

-0.841069	-1.9926	-0.0166403
-0.912452	-1.95277	-0.011121
-0.947465	-1.92437	0.00104802
-1.007	-1.89327	0.00231443
-1.03601	-1.85377	0.0134319
-1.0754	-1.80909	0.0362299
-1.16894	-1.75948	0.0220302
-1.19833	-1.72435	0.0395055
-1.23264	-1.6765	0.0550796
-1.26459	-1.61242	0.0859902
-1.26304	-1.54397	0.11957
-1.32479	-1.47238	0.128164
-1.32409	-1.41938	0.195879
-1.32441	-1.35465	0.261579
-1.33635	-1.2766	0.330914
-1.36566	-1.17508	0.407879
-1.36654	-1.09721	0.463302
-1.36927	-1.02214	0.513675
-1.38016	-0.941252	0.552197
-1.38475	-0.847241	0.586386
-1.37643	-0.748038	0.601722
-1.38054	-0.629284	0.624978
-1.38512	-0.516795	0.64031
-1.37918	-0.424636	0.638281
-1.38383	-0.309352	0.645271
-1.40047	-0.202913	0.638883
-1.40418	-0.129838	0.642933
-1.40074	-0.0542007	0.650072
-1.39898	0.0425713	0.654392
-1.40302	0.141364	0.641154
-1.39679	0.208405	0.63576
-1.40092	0.312418	0.633255
-1.39313	0.400677	0.624943
-1.37638	0.496025	0.63277
-1.36798	0.607794	0.623861
-1.37177	0.711545	0.614116
-1.36285	0.814257	0.598786
-1.33923	0.934545	0.590526
-1.33665	1.07931	0.512729
-1.35092	1.36207	0.250505

-0.743123	-1.99501	-0.0106496
-0.82618	-1.94975	-0.00692746
-0.864991	-1.92158	0.00189645
-0.918205	-1.89007	0.00817596
-0.956533	-1.85435	0.0302042
-0.993112	-1.8133	0.0562497
-1.08	-1.76733	0.049861
-1.1047	-1.73148	0.0748776
-1.13769	-1.68345	0.0982644
-1.1663	-1.61927	0.146138
-1.1801	-1.55299	0.174371
-1.2408	-1.48387	0.192671
-1.25091	-1.42669	0.254539
-1.25643	-1.35883	0.319252
-1.25501	-1.28322	0.385831
-1.28971	-1.18214	0.450106
-1.29693	-1.10361	0.506385
-1.30781	-1.03051	0.542624
-1.31	-0.950301	0.573398
-1.31049	-0.847798	0.603949
-1.29576	-0.746665	0.614386
-1.2945	-0.633645	0.642291
-1.3088	-0.536317	0.652233
-1.30182	-0.443522	0.659224
-1.31001	-0.345658	0.661586
-1.32929	-0.242369	0.645827
-1.33125	-0.170289	0.638247
-1.32608	-0.103976	0.635611
-1.32766	-0.0158612	0.645491
-1.34681	0.0868643	0.639994
-1.33682	0.158052	0.636627
-1.34485	0.262086	0.637529
-1.3392	0.360811	0.637025
-1.32559	0.46719	0.637932
-1.32296	0.579145	0.631331
-1.32129	0.684322	0.629915
-1.30092	0.797776	0.621108
-1.28703	0.898805	0.611723
-1.28635	1.0249	0.571882
-1.324	1.24411	0.378277

-0.627859	-1.99704	-0.00602392
-0.735736	-1.93825	0.00696419
-0.777346	-1.90936	0.00760801
-0.821457	-1.8825	0.0247486
-0.874035	-1.84795	0.0580509
-0.920146	-1.80608	0.0918444
-0.993476	-1.76254	0.0956329
-1.01414	-1.72551	0.134908
-1.03637	-1.67728	0.179699
-1.06938	-1.61735	0.221882
-1.09813	-1.55149	0.240359
-1.15279	-1.47989	0.288769
-1.16992	-1.4247	0.33747
-1.18035	-1.35989	0.386661
-1.16821	-1.28364	0.459604
-1.19617	-1.19242	0.513462
-1.21155	-1.12574	0.546803
-1.22053	-1.04847	0.573592
-1.21494	-0.970377	0.604153
-1.21888	-0.875693	0.628191
-1.20834	-0.774476	0.638586
-1.21506	-0.675258	0.658927
-1.23028	-0.585378	0.661151
-1.23462	-0.488179	0.66474
-1.23774	-0.410292	0.663198
-1.25748	-0.296472	0.650487
-1.26881	-0.210022	0.639814
-1.26769	-0.136306	0.633194
-1.27377	-0.0433482	0.638401
-1.29321	0.0618065	0.6341
-1.28302	0.145561	0.638316
-1.2853	0.247949	0.648378
-1.27783	0.342887	0.650259
-1.26248	0.450797	0.647172
-1.26256	0.558996	0.651311
-1.25662	0.665597	0.651359
-1.24474	0.781945	0.640009
-1.24077	0.893284	0.623192
-1.24507	1.01811	0.594439
-1.28561	1.19427	0.455084

-0.496022	-1.99616	0.00170306
-0.622784	-1.94115	0.0186017
-0.677036	-1.9137	0.0270357
-0.720182	-1.88328	0.0660272
-0.776417	-1.84729	0.128806
-0.831354	-1.81089	0.152875
-0.896186	-1.76655	0.164555
-0.921439	-1.72844	0.19282
-0.938321	-1.68095	0.245354
-0.970698	-1.6237	0.292362
-0.99778	-1.5575	0.328431
-1.0485	-1.49514	0.365767
-1.06778	-1.44246	0.40152
-1.0815	-1.37656	0.442124
-1.08397	-1.29241	0.5046
-1.12264	-1.19955	0.547154
-1.13761	-1.13127	0.570701
-1.14986	-1.05293	0.59044
-1.14094	-0.970347	0.61268
-1.14138	-0.865775	0.63474
-1.13855	-0.759688	0.639139
-1.15397	-0.667127	0.650923
-1.1711	-0.58603	0.651826
-1.18407	-0.503093	0.658315
-1.18095	-0.434837	0.653954
-1.19785	-0.326636	0.649083
-1.21255	-0.231058	0.638864
-1.21113	-0.147528	0.636057
-1.21395	-0.0535853	0.635531
-1.22258	0.0497338	0.626482
-1.21864	0.146406	0.635898
-1.21874	0.239072	0.649373
-1.20702	0.319516	0.649754
-1.19336	0.428412	0.648857
-1.1903	0.544199	0.652293
-1.17966	0.648453	0.653764
-1.17584	0.768455	0.649955
-1.18112	0.879105	0.630781
-1.1951	0.9961	0.612056
-1.23469	1.14788	0.526584

-0.382486	-1.99143	0.00343448
-0.51647	-1.9449	0.0352929
-0.567897	-1.92571	0.0338979
-0.61449	-1.89778	0.0790525
-0.68027	-1.85963	0.144374
-0.73882	-1.81989	0.180353
-0.790756	-1.77012	0.226888
-0.825372	-1.72913	0.263961
-0.843278	-1.68	0.323013
-0.876198	-1.62713	0.362474
-0.911284	-1.56325	0.405099
-0.962719	-1.50377	0.431355
-0.977948	-1.44484	0.467608
-0.986402	-1.3841	0.505675
-0.998968	-1.3068	0.554655
-1.03906	-1.22042	0.577346
-1.05351	-1.14353	0.601796
-1.06211	-1.05274	0.614716
-1.05274	-0.968032	0.633609
-1.04617	-0.878494	0.642681
-1.05296	-0.774178	0.649106
-1.07416	-0.686349	0.653366
-1.09918	-0.604614	0.646788
-1.12073	-0.51554	0.645408
-1.11464	-0.437522	0.647455
-1.12454	-0.345483	0.639068
-1.13552	-0.25456	0.629639
-1.13779	-0.161867	0.628444
-1.13706	-0.0613478	0.622713
-1.13121	0.0483288	0.608753
-1.14348	0.160549	0.619755
-1.15164	0.254433	0.634251
-1.13134	0.342594	0.636229
-1.11063	0.448905	0.645124
-1.11341	0.545891	0.654823
-1.09564	0.640628	0.661968
-1.09467	0.746033	0.660084
-1.10718	0.849173	0.646082
-1.126	0.967046	0.633158
-1.1808	1.15052	0.549784

-0.284852	-1.99223	0.00270336
-0.440698	-1.94035	0.0762494
-0.48096	-1.92603	0.073859
-0.526562	-1.90246	0.111387
-0.589062	-1.86487	0.182046
-0.632773	-1.82727	0.22576
-0.682743	-1.77451	0.292472
-0.723796	-1.73053	0.325281
-0.753886	-1.67688	0.382344
-0.788706	-1.61872	0.422962
-0.833005	-1.55657	0.456607
-0.880467	-1.49531	0.484784
-0.900157	-1.43789	0.5116
-0.907604	-1.3725	0.552413
-0.924249	-1.30328	0.58288
-0.946887	-1.2207	0.603711
-0.954409	-1.13831	0.626078
-0.970134	-1.05384	0.632416
-0.967404	-0.977132	0.646267
-0.955365	-0.895966	0.649132
-0.971091	-0.802685	0.642872
-0.990619	-0.71801	0.640985
-1.01192	-0.637136	0.628839
-1.02633	-0.549657	0.615279
-1.03478	-0.454972	0.616515
-1.04373	-0.366502	0.603921
-1.04727	-0.277922	0.601817
-1.04829	-0.1832	0.606581
-1.04758	-0.0922674	0.595268
-1.03204	0.0041581	0.580883
-1.04607	0.126349	0.59776
-1.05556	0.225774	0.608437
-1.03549	0.330394	0.615429
-1.02568	0.450604	0.628586
-1.03386	0.535622	0.639656
-1.02128	0.620457	0.650104
-1.02011	0.722815	0.648155
-1.03053	0.825557	0.656993
-1.0437	0.940056	0.644722
-1.09666	1.09953	0.588682

-0.171031	-1.98792	0.0384125
-0.337535	-1.94318	0.103129
-0.379429	-1.92568	0.127121
-0.426607	-1.90497	0.155572
-0.494216	-1.86894	0.210366
-0.529626	-1.82651	0.278115
-0.588709	-1.77511	0.339286
-0.62288	-1.73166	0.380851
-0.651022	-1.68657	0.419979
-0.683228	-1.62821	0.463221
-0.724746	-1.56172	0.506847
-0.773461	-1.49955	0.530501
-0.802496	-1.43318	0.553773
-0.822404	-1.37877	0.5837
-0.83028	-1.32264	0.613002
-0.843189	-1.25447	0.631435
-0.857309	-1.16746	0.651186
-0.878899	-1.08831	0.654621
-0.882989	-1.01129	0.658079
-0.882435	-0.920678	0.650225
-0.901132	-0.814934	0.635981
-0.918975	-0.723337	0.620938
-0.938286	-0.63884	0.609392
-0.937708	-0.557361	0.586037
-0.960287	-0.453862	0.580669
-0.960598	-0.369543	0.56548
-0.958833	-0.289947	0.559388
-0.964157	-0.200149	0.556618
-0.966338	-0.110237	0.551592
-0.947191	-0.0199743	0.538034
-0.964561	0.101493	0.565163
-0.96466	0.204224	0.56965
-0.94367	0.317191	0.580411
-0.954164	0.446816	0.60671
-0.958716	0.543298	0.62644
-0.950618	0.630274	0.640108
-0.950812	0.720052	0.640246
-0.964918	0.821382	0.658344
-0.979273	0.937978	0.648059
-1.03013	1.0942	0.595253

-0.0847785	-1.98814	0.0414051
-0.257836	-1.94072	0.121423
-0.311494	-1.91903	0.153429
-0.357689	-1.89433	0.189411
-0.414851	-1.85818	0.243236
-0.446225	-1.81391	0.314586
-0.501278	-1.76546	0.383698
-0.547842	-1.72239	0.42051
-0.567442	-1.67567	0.464567
-0.587891	-1.62797	0.503242
-0.621162	-1.57228	0.551604
-0.65389	-1.52086	0.568642
-0.70541	-1.45722	0.577212
-0.740041	-1.39178	0.600364
-0.754228	-1.33026	0.621975
-0.76357	-1.26384	0.63819
-0.787757	-1.17865	0.651784
-0.805862	-1.10393	0.656864
-0.807419	-1.02835	0.651755
-0.809072	-0.940377	0.634455
-0.820943	-0.835828	0.628287
-0.831183	-0.74527	0.604096
-0.852494	-0.648232	0.583571
-0.845851	-0.554446	0.537966
-0.876978	-0.449942	0.522484
-0.8804	-0.363752	0.500333
-0.877684	-0.281994	0.489682
-0.883547	-0.200296	0.483175
-0.888407	-0.108246	0.477783
-0.868989	-0.0183183	0.457518
-0.886405	0.0999947	0.497252
-0.873613	0.190434	0.502489
-0.855828	0.290317	0.518654
-0.873221	0.422921	0.561255
-0.878885	0.525704	0.590462
-0.877232	0.625086	0.612845
-0.86769	0.717363	0.625463
-0.879317	0.814549	0.651848
-0.904629	0.92338	0.644476
-0.971774	1.07597	0.581178

0.0157325	-1.98409	0.0803137
-0.137047	-1.94328	0.149333
-0.200324	-1.92034	0.193968
-0.243635	-1.89131	0.237564
-0.287281	-1.85804	0.278335
-0.328451	-1.81043	0.33694
-0.390347	-1.76011	0.421043
-0.449607	-1.71696	0.457526
-0.481996	-1.67267	0.492737
-0.505721	-1.62867	0.521329
-0.545389	-1.57775	0.562176
-0.571704	-1.52652	0.582377
-0.621981	-1.46012	0.595467
-0.654184	-1.39	0.625706
-0.674425	-1.33349	0.630689
-0.680332	-1.27563	0.643921
-0.712859	-1.19071	0.649476
-0.730924	-1.11695	0.652241
-0.73785	-1.03775	0.641939
-0.735148	-0.945983	0.613544
-0.748217	-0.834356	0.597816
-0.742299	-0.730298	0.557415
-0.752509	-0.631137	0.533151
-0.746882	-0.539914	0.487159
-0.768245	-0.462381	0.471738
-0.775732	-0.384958	0.446389
-0.786277	-0.302477	0.432258
-0.787362	-0.208688	0.402145
-0.795802	-0.119476	0.388761
-0.782476	-0.0209212	0.356853
-0.803356	0.0931217	0.402233
-0.787707	0.180885	0.410119
-0.77251	0.275319	0.434185
-0.78766	0.399976	0.492501
-0.788058	0.512104	0.541433
-0.787951	0.619549	0.578484
-0.781143	0.722722	0.605615
-0.790032	0.826794	0.63941
-0.837984	0.940697	0.644103
-0.901293	1.08769	0.609236

0.0981012	-1.98106	0.106966
0.00865593	-1.95404	0.155777
-0.0655777	-1.93281	0.194849
-0.120599	-1.8983	0.24501
-0.156478	-1.85585	0.303585
-0.201122	-1.80324	0.357617
-0.26631	-1.75214	0.44651
-0.329231	-1.70919	0.488454
-0.37822	-1.66628	0.514972
-0.424004	-1.61958	0.541978
-0.471429	-1.5651	0.574796
-0.494674	-1.51186	0.595501
-0.54375	-1.4428	0.607799
-0.569785	-1.38565	0.630931
-0.597381	-1.33344	0.634379
-0.600765	-1.27941	0.643123
-0.634786	-1.19636	0.643717
-0.653785	-1.11418	0.641432
-0.669267	-1.02552	0.630945
-0.65414	-0.945005	0.594581
-0.658326	-0.840396	0.564044
-0.639721	-0.728326	0.501346
-0.64477	-0.621073	0.471543
-0.669804	-0.536547	0.43616
-0.678636	-0.474013	0.405136
-0.684004	-0.401949	0.369419
-0.69088	-0.322104	0.32698
-0.70209	-0.235484	0.311972
-0.703805	-0.149712	0.294755
-0.69844	-0.0378135	0.267485
-0.722725	0.0857537	0.302692
-0.709957	0.178156	0.307459
-0.694017	0.270918	0.326423
-0.69379	0.37211	0.377879
-0.691281	0.474894	0.441833
-0.685001	0.581833	0.504912
-0.680795	0.684518	0.552686
-0.691761	0.790467	0.597485
-0.761019	0.930957	0.636728
-0.88613	1.14611	0.583001

0.160912	-1.98494	0.0946033
0.097363	-1.95586	0.157363
0.0338123	-1.93501	0.208944
-0.0133493	-1.90319	0.264376
-0.0413999	-1.86184	0.320408
-0.0888302	-1.80263	0.391063
-0.157701	-1.75114	0.480797
-0.216327	-1.71233	0.51706
-0.255823	-1.67341	0.529986
-0.305499	-1.62781	0.553411
-0.35953	-1.5726	0.577758
-0.384377	-1.51471	0.596043
-0.445744	-1.43501	0.61496
-0.475626	-1.37954	0.634315
-0.511104	-1.32789	0.636547
-0.507286	-1.27001	0.639728
-0.536584	-1.18674	0.63594
-0.553898	-1.10119	0.623
-0.580657	-1.01108	0.619249
-0.558588	-0.940891	0.58602
-0.547585	-0.853365	0.540715
-0.534254	-0.743434	0.474853
-0.54936	-0.640637	0.438561
-0.59456	-0.550877	0.404863
-0.599482	-0.477211	0.35228
-0.603033	-0.404048	0.301743
-0.611103	-0.324765	0.25607
-0.617424	-0.234747	0.22475
-0.603877	-0.1539	0.196821
-0.592064	-0.0472571	0.128846
-0.612571	0.0515795	0.147253
-0.612495	0.14123	0.171307
-0.613355	0.243283	0.16819
-0.611653	0.326889	0.218532
-0.608792	0.428805	0.305604
-0.605293	0.539673	0.401369
-0.599445	0.658857	0.486414
-0.584554	0.783003	0.562706
-0.637942	0.9304	0.624147
-0.805992	1.14763	0.582226

0.235559	-1.98808	0.0772014
0.159012	-1.94906	0.164605
0.1043	-1.92695	0.212508
0.0651419	-1.89138	0.271322
0.0460422	-1.84603	0.350039
0.00836351	-1.79398	0.413403
-0.0703844	-1.74803	0.491974
-0.124235	-1.71238	0.524319
-0.158702	-1.673	0.54475
-0.202261	-1.63276	0.572413
-0.236281	-1.58168	0.583672
-0.249829	-1.52	0.599893
-0.325906	-1.44607	0.615464
-0.364869	-1.3921	0.636147
-0.399892	-1.33628	0.638828
-0.389955	-1.26694	0.636367
-0.409257	-1.1788	0.622513
-0.433325	-1.08746	0.60361
-0.479989	-1.01079	0.596332
-0.461254	-0.951622	0.57541
-0.442477	-0.876621	0.522916
-0.443298	-0.762496	0.437046
-0.458769	-0.66027	0.386818
-0.499691	-0.568217	0.348829
-0.50718	-0.482676	0.289084
-0.509005	-0.398023	0.214102
-0.52525	-0.314699	0.139015
-0.535281	-0.242262	0.105581
-0.514122	-0.176153	0.0927647
-0.513409	-0.0749511	0.0494566
-0.528129	0.0205362	0.0560479
-0.524672	0.12214	0.0809222
-0.550648	0.237244	0.106331
-0.545335	0.329725	0.136119
-0.541644	0.430273	0.224469
-0.533571	0.531722	0.322293
-0.525021	0.628665	0.403298
-0.509752	0.750041	0.506476
-0.559147	0.902369	0.591589
-0.790914	1.25423	0.558835

0.351146	-1.98562	0.045906
0.263114	-1.95139	0.130842
0.213711	-1.92747	0.192118
0.17326	-1.89288	0.250481
0.145604	-1.84154	0.349866
0.120872	-1.79721	0.41872
0.0251167	-1.75315	0.494647
-0.0148558	-1.72085	0.529632
-0.0554092	-1.68321	0.546447
-0.0982504	-1.63808	0.580332
-0.131165	-1.58186	0.59365
-0.157125	-1.51337	0.612451
-0.236683	-1.43812	0.62544
-0.274435	-1.38656	0.64084
-0.29796	-1.32914	0.642365
-0.277259	-1.25489	0.639486
-0.290919	-1.16782	0.617193
-0.318965	-1.08782	0.599114
-0.378835	-1.01364	0.581235
-0.372482	-0.946384	0.551187
-0.342955	-0.863512	0.493399
-0.352373	-0.76057	0.410195
-0.374458	-0.669647	0.348229
-0.394801	-0.588112	0.277436
-0.406502	-0.507349	0.209432
-0.410801	-0.421072	0.144433
-0.442129	-0.334867	0.0907553
-0.458757	-0.25747	0.0674054
-0.43319	-0.173642	0.0484623
-0.436247	-0.0840929	0.0217987
-0.451381	0.00377172	0.0158769
-0.442739	0.0729168	0.0256987
-0.46897	0.168788	0.0434632
-0.467063	0.263853	0.0694898
-0.463029	0.383457	0.15105
-0.466328	0.512956	0.257206
-0.4497	0.625528	0.34709
-0.430854	0.755069	0.470148
-0.472552	0.890063	0.561418
-0.730209	1.25914	0.563726

0.45146	-1.98669	0.0181693
0.36015	-1.95126	0.0895278
0.316463	-1.92828	0.176163
0.280942	-1.89971	0.230924
0.240582	-1.85833	0.315878
0.217613	-1.81533	0.382233
0.113874	-1.7645	0.472428
0.0655242	-1.72278	0.524073
0.029092	-1.67985	0.554092
-0.0101072	-1.62879	0.587145
-0.0318798	-1.56949	0.601316
-0.0624231	-1.49932	0.622571
-0.13606	-1.42459	0.636924
-0.167608	-1.37212	0.646548
-0.180644	-1.31948	0.646622
-0.17039	-1.25671	0.647025
-0.19444	-1.17765	0.625918
-0.223314	-1.09607	0.602142
-0.275674	-1.01102	0.567636
-0.277051	-0.928438	0.527438
-0.257464	-0.8444	0.461704
-0.272245	-0.750396	0.37436
-0.29518	-0.670034	0.312027
-0.306787	-0.592043	0.217551
-0.313313	-0.510304	0.147784
-0.324101	-0.421065	0.0990312
-0.361141	-0.325982	0.060166
-0.363933	-0.235292	0.0388286
-0.351265	-0.132435	0.0195296
-0.342751	-0.0460108	0.00235052
-0.387567	0.0248372	0.00403915
-0.38077	0.090546	0.0119301
-0.401913	0.178417	0.0255201
-0.390574	0.272544	0.0359372
-0.370159	0.390526	0.0855539
-0.376822	0.500109	0.17238
-0.354857	0.607185	0.259905
-0.353194	0.738037	0.410839
-0.392939	0.856991	0.520843
-0.638785	1.20514	0.550836

0.553025	-1.98779	-0.0118405
0.463133	-1.95369	0.0397657
0.408488	-1.93382	0.127718
0.370414	-1.91032	0.199296
0.336696	-1.87747	0.278839
0.309402	-1.8341	0.354226
0.227464	-1.78377	0.440078
0.173521	-1.7323	0.507149
0.146983	-1.69502	0.537015
0.107621	-1.64327	0.567959
0.0888944	-1.58369	0.58594
0.0641457	-1.51048	0.619795
-0.00655772	-1.44246	0.6407
-0.0472971	-1.38732	0.642537
-0.0672332	-1.33094	0.643859
-0.0760816	-1.26372	0.643909
-0.100839	-1.17828	0.623207
-0.118392	-1.08562	0.588978
-0.152329	-1.00004	0.551812
-0.163493	-0.915462	0.51298
-0.161684	-0.834776	0.451095
-0.180095	-0.759338	0.367467
-0.194357	-0.691275	0.278166
-0.204252	-0.614354	0.17553
-0.207326	-0.536002	0.10503
-0.22166	-0.446334	0.0577869
-0.243557	-0.349385	0.0312878
-0.228009	-0.248406	0.0099792
-0.240196	-0.146767	0.00658789
-0.228936	-0.0633076	0.00253591
-0.291738	0.0146348	0.00349368
-0.29289	0.0881127	0.0121519
-0.307995	0.17868	0.0225923
-0.293107	0.285928	0.0268374
-0.283588	0.411648	0.0646366
-0.286638	0.52072	0.142712
-0.255543	0.629558	0.227625
-0.274522	0.746278	0.383989
-0.311926	0.870718	0.51239
-0.537441	1.17975	0.542432

0.645255	-1.9876	-0.0189288
0.553754	-1.95216	0.00200243
0.486429	-1.93356	0.0838261
0.44339	-1.91052	0.161547
0.408471	-1.87775	0.24944
0.373797	-1.83419	0.340122
0.311547	-1.7836	0.427168
0.237147	-1.72972	0.498743
0.228997	-1.6847	0.541798
0.189922	-1.6319	0.566136
0.182952	-1.57351	0.583525
0.15004	-1.50541	0.61676
0.0972292	-1.44557	0.633202
0.0553647	-1.3893	0.635542
0.0305639	-1.32841	0.639338
0.0194265	-1.25609	0.641889
0.00592537	-1.16601	0.622209
-0.0155762	-1.06904	0.585665
-0.0242633	-0.997114	0.56223
-0.0405335	-0.929155	0.527441
-0.0598496	-0.854359	0.469659
-0.0925264	-0.775493	0.3715
-0.110049	-0.704417	0.261269
-0.12486	-0.630804	0.167711
-0.122824	-0.547979	0.0988027
-0.128424	-0.445623	0.0480259
-0.137746	-0.347807	0.0262784
-0.126083	-0.249232	0.00774909
-0.148103	-0.142565	0.0091824
-0.14068	-0.0531326	0.00959441
-0.200184	0.0397813	0.00881705
-0.194559	0.126266	0.0202242
-0.192875	0.217061	0.0324729
-0.169674	0.317388	0.0323825
-0.168275	0.431983	0.0457482
-0.162884	0.524205	0.0931448
-0.145415	0.621992	0.157568
-0.178895	0.728977	0.308369
-0.234047	0.848158	0.450772
-0.466791	1.15947	0.528699

0.742321	-1.98947	-0.0095026
0.637726	-1.95355	0.00185319
0.554508	-1.92959	0.069947
0.511153	-1.905	0.138725
0.480429	-1.87035	0.227162
0.444328	-1.82651	0.317212
0.401435	-1.77929	0.397622
0.321151	-1.72482	0.478116
0.31839	-1.67671	0.52674
0.27369	-1.62014	0.553764
0.277843	-1.55607	0.595485
0.238097	-1.50377	0.625353
0.201229	-1.45273	0.63587
0.165763	-1.39682	0.636081
0.143835	-1.32952	0.640116
0.126879	-1.25243	0.649032
0.121261	-1.16868	0.634715
0.0745664	-1.0662	0.593031
0.0626884	-0.991527	0.564165
0.0336369	-0.915281	0.517736
0.0162881	-0.843457	0.455221
-0.0249305	-0.766271	0.346426
-0.0388042	-0.702747	0.249196
-0.0481563	-0.626156	0.164342
-0.0319962	-0.534491	0.0897045
-0.0304357	-0.44381	0.0461213
-0.0353665	-0.352187	0.0278731
-0.0232171	-0.245205	0.0167465
-0.0415629	-0.136734	0.0152587
-0.0325792	-0.0395887	0.0168071
-0.0787298	0.0647898	0.015589
-0.0779278	0.155712	0.022462
-0.0706632	0.243901	0.0351661
-0.0469575	0.335806	0.031398
-0.0616342	0.433941	0.0416572
-0.0504855	0.516867	0.0572424
-0.0438018	0.603263	0.116256
-0.0800329	0.707783	0.255392
-0.148341	0.834601	0.407101
-0.452375	1.31189	0.496836

0.838714	-1.99171	-0.00124344
0.73445	-1.95109	0.00472749
0.645826	-1.9235	0.0557525
0.600536	-1.89583	0.116484
0.573837	-1.86552	0.19179
0.538226	-1.82937	0.267303
0.514063	-1.78526	0.34052
0.435724	-1.72999	0.443472
0.426013	-1.68674	0.491697
0.385264	-1.62814	0.525223
0.366159	-1.55629	0.58732
0.322192	-1.5036	0.617438
0.295054	-1.44876	0.629277
0.265852	-1.38062	0.632331
0.253377	-1.30717	0.640012
0.223815	-1.23045	0.648366
0.231651	-1.14451	0.633328
0.170302	-1.04934	0.590792
0.154867	-0.979625	0.555997
0.124105	-0.918434	0.516671
0.114034	-0.849273	0.459551
0.0558211	-0.768244	0.343815
0.0464866	-0.702661	0.23638
0.0482947	-0.625323	0.150894
0.0560253	-0.535168	0.0757961
0.0608215	-0.446436	0.0387387
0.0700227	-0.351569	0.0202658
0.0837501	-0.239797	0.00977188
0.0840477	-0.13956	0.0068413
0.10232	-0.0369401	0.013243
0.0632549	0.0636046	-0.0028277
0.0615106	0.1323	0.0064443
0.0582012	0.212813	0.0143138
0.0667185	0.304297	0.0242869
0.0354872	0.412062	0.0400495
0.0414485	0.507744	0.054349
0.0427812	0.60139	0.11543
0.0185339	0.714661	0.251896
-0.0361519	0.872756	0.442631
-0.357992	1.29494	0.51805

0.944912	-1.99071	-0.013882
0.858692	-1.95619	-0.00818798
0.777519	-1.92346	0.0282472
0.720341	-1.89206	0.0670751
0.674781	-1.86408	0.133823
0.639412	-1.83099	0.201398
0.620885	-1.78837	0.27758
0.538855	-1.73165	0.396813
0.529063	-1.68341	0.455733
0.498021	-1.62353	0.498453
0.453947	-1.54751	0.573577
0.416792	-1.49449	0.608887
0.409654	-1.44036	0.624503
0.386254	-1.3758	0.634632
0.380779	-1.3152	0.64259
0.355873	-1.24371	0.643239
0.351632	-1.1683	0.640837
0.307171	-1.1018	0.619373
0.27114	-1.03285	0.592453
0.240206	-0.963858	0.553569
0.227415	-0.875671	0.49789
0.153686	-0.776123	0.384051
0.145578	-0.711038	0.284533
0.14838	-0.644548	0.202077
0.144646	-0.558288	0.11541
0.152634	-0.47524	0.0689538
0.165545	-0.37618	0.0294954
0.16439	-0.26653	0.0170945
0.181196	-0.165452	0.0167665
0.204549	-0.06681	0.0239676
0.152666	0.0430929	0.00745326
0.151409	0.120699	0.0036268
0.140453	0.204055	0.00135184
0.155919	0.288544	0.00714806
0.130754	0.38649	0.0239162
0.131335	0.48406	0.0413997
0.139105	0.581621	0.113359
0.132535	0.697784	0.236012
0.064982	0.884019	0.463907
-0.235124	1.35981	0.478593

1.03345	-1.99186	-0.0110791
0.968022	-1.94901	-0.000717735
0.887258	-1.91816	0.0233151
0.808724	-1.88447	0.0552051
0.75872	-1.85523	0.104394
0.731967	-1.82493	0.157581
0.719226	-1.78012	0.236065
0.638784	-1.72241	0.370341
0.627391	-1.67431	0.429963
0.615405	-1.6164	0.470779
0.562799	-1.54553	0.545904
0.52507	-1.49021	0.586193
0.515597	-1.43095	0.613668
0.473017	-1.36996	0.630164
0.469744	-1.31052	0.635694
0.44998	-1.24256	0.636653
0.41615	-1.1684	0.645245
0.384148	-1.10694	0.635314
0.353304	-1.04143	0.61117
0.341683	-0.963405	0.577655
0.332398	-0.870972	0.524104
0.248664	-0.780488	0.421448
0.23011	-0.713414	0.315407
0.22972	-0.645753	0.228232
0.222052	-0.561916	0.121896
0.230274	-0.478333	0.0679084
0.244118	-0.38271	0.0246312
0.239423	-0.279858	0.0154613
0.257145	-0.176494	0.0192134
0.28508	-0.0760106	0.0272392
0.235506	0.0406236	0.0213904
0.227788	0.131281	0.0212011
0.210202	0.223599	0.0259643
0.226552	0.321635	0.0463636
0.206136	0.425427	0.0733365
0.206516	0.52241	0.110836
0.225287	0.614787	0.187795
0.239646	0.722129	0.303872
0.146741	0.900184	0.496211
-0.139854	1.35356	0.488733

1.14071	-1.99167	0.00236655
1.06971	-1.94674	0.00649131
1.001	-1.92272	0.0196374
0.925696	-1.89208	0.0404065
0.858346	-1.85661	0.0805463
0.835645	-1.81521	0.126029
0.824431	-1.76063	0.214425
0.751201	-1.70781	0.342199
0.732286	-1.66078	0.408414
0.725686	-1.60542	0.470152
0.689124	-1.55217	0.520871
0.652831	-1.5041	0.55399
0.629595	-1.44904	0.587894
0.578415	-1.38393	0.622267
0.568477	-1.3212	0.628997
0.557118	-1.25831	0.637295
0.500604	-1.18468	0.645953
0.466801	-1.11771	0.649214
0.447169	-1.05048	0.624452
0.449205	-0.98176	0.605066
0.432231	-0.886634	0.553584
0.356739	-0.794184	0.466795
0.332228	-0.714221	0.369459
0.326625	-0.640152	0.270949
0.31103	-0.561547	0.167004
0.312108	-0.470895	0.102389
0.327786	-0.366873	0.0199307
0.326947	-0.281933	0.00958949
0.33914	-0.182795	0.00997327
0.363643	-0.0850554	0.0188561
0.335715	0.0208759	0.0242006
0.332609	0.118224	0.0361947
0.315742	0.226253	0.0542632
0.326511	0.321798	0.0723401
0.312757	0.415803	0.108695
0.301795	0.516335	0.156812
0.317621	0.617814	0.240051
0.339588	0.728911	0.358974
0.229619	0.898951	0.505378
-0.0507362	1.46441	0.506129

1.25734	-1.99236	1.45112e-05
1.14878	-1.94214	0.00423174
1.08871	-1.91661	0.00324157
1.03534	-1.88846	0.0185579
0.981973	-1.84744	0.0323009
0.967935	-1.79886	0.0579634
0.933149	-1.75017	0.144869
0.867749	-1.71185	0.264302
0.844068	-1.67481	0.327188
0.811328	-1.62376	0.405987
0.775091	-1.56644	0.47373
0.737523	-1.51121	0.522282
0.716912	-1.44986	0.567961
0.662592	-1.37971	0.610898
0.644358	-1.31231	0.627441
0.631647	-1.24682	0.639597
0.574387	-1.17039	0.647683
0.539809	-1.0938	0.643593
0.527505	-1.03835	0.617802
0.53904	-0.978495	0.610197
0.525859	-0.895091	0.577156
0.475197	-0.815534	0.516499
0.449774	-0.734274	0.440432
0.435673	-0.659514	0.353064
0.420894	-0.572694	0.252655
0.417803	-0.468658	0.166001
0.408193	-0.360665	0.0624611
0.415322	-0.277286	0.0510363
0.423443	-0.179291	0.0393243
0.439651	-0.0796047	0.0428004
0.434324	0.0309523	0.0486955
0.444564	0.137924	0.0637963
0.413892	0.237788	0.0641681
0.416199	0.316049	0.0874861
0.415059	0.400383	0.144451
0.405718	0.498497	0.204662
0.422292	0.608016	0.296695
0.444493	0.736459	0.428692
0.345268	0.885661	0.528562
0.144203	1.51771	0.490763

1.39211	-1.99082	-0.00599013
1.27374	-1.94283	-0.0107124
1.20756	-1.91978	-0.00580988
1.16948	-1.89457	0.0054129
1.11437	-1.84604	0.0159631
1.09029	-1.79401	0.0329519
1.02836	-1.74675	0.0796078
0.959105	-1.71583	0.186917
0.928671	-1.67884	0.255904
0.884388	-1.62786	0.362666
0.85366	-1.57453	0.432158
0.821477	-1.51657	0.48964
0.809189	-1.45277	0.542459
0.761718	-1.37531	0.591125
0.734902	-1.30896	0.619533
0.727701	-1.25536	0.632893
0.688997	-1.18935	0.640996
0.641183	-1.10557	0.646124
0.616428	-1.04438	0.627875
0.628268	-0.976003	0.63018
0.603464	-0.890364	0.608858
0.56993	-0.826351	0.560683
0.550547	-0.754986	0.51147
0.53869	-0.681879	0.443689
0.542526	-0.585089	0.38342
0.537003	-0.487168	0.301021
0.509138	-0.378328	0.182448
0.523651	-0.283007	0.160443
0.530238	-0.167982	0.116249
0.54041	-0.0562144	0.105643
0.544506	0.0497844	0.111208
0.557292	0.157972	0.126194
0.50435	0.246065	0.111526
0.501809	0.32122	0.140401
0.511138	0.40632	0.201029
0.517212	0.511872	0.290993
0.539536	0.59909	0.374596
0.543675	0.709495	0.461846
0.471935	0.859105	0.544273
0.224393	1.45032	0.510182

1.50297	-1.99037	-0.022377
1.37889	-1.94565	-0.0203338
1.30642	-1.92319	-0.00832272
1.28889	-1.89925	-0.000773155
1.2366	-1.85132	0.0177508
1.2134	-1.81049	0.0262249
1.1224	-1.76133	0.0583442
1.04282	-1.72085	0.136492
1.00642	-1.67881	0.198457
0.958472	-1.62161	0.331404
0.940224	-1.57592	0.394127
0.917987	-1.52138	0.45374
0.906529	-1.45511	0.516802
0.87071	-1.38489	0.573182
0.836987	-1.32496	0.603916
0.823454	-1.27009	0.620832
0.795087	-1.19322	0.631644
0.737923	-1.10112	0.645045
0.706113	-1.02603	0.635871
0.71304	-0.969303	0.639377
0.67785	-0.893766	0.623873
0.65067	-0.828362	0.584014
0.633835	-0.753807	0.548436
0.625663	-0.676106	0.497107
0.63363	-0.585162	0.456958
0.631945	-0.488677	0.385574
0.605931	-0.373731	0.281153
0.638551	-0.268102	0.280125
0.641942	-0.162999	0.202221
0.646494	-0.0819337	0.189627
0.660489	0.00726188	0.21455
0.66216	0.102139	0.211414
0.605938	0.201593	0.157338
0.601601	0.277607	0.187857
0.607377	0.373412	0.245354
0.600308	0.494516	0.33078
0.622282	0.598225	0.414398
0.634797	0.717251	0.50062
0.575173	0.859715	0.560785
0.297497	1.37489	0.530257

1.59499	-1.99175	-0.0263316
1.47738	-1.94767	-0.0267247
1.40562	-1.92918	-0.0110588
1.39849	-1.90975	0.00115242
1.32878	-1.862	0.0108103
1.30011	-1.82468	0.0160902
1.22072	-1.77706	0.0320164
1.15522	-1.73557	0.0727538
1.11368	-1.69366	0.113784
1.05173	-1.63761	0.239074
1.03326	-1.58573	0.310104
1.00799	-1.52042	0.392131
0.984271	-1.4531	0.472587
0.94521	-1.38444	0.550252
0.918507	-1.33187	0.581362
0.911995	-1.27337	0.600821
0.900771	-1.19819	0.612258
0.848019	-1.10428	0.630992
0.800408	-1.0225	0.631865
0.803889	-0.958366	0.636807
0.763934	-0.877267	0.633793
0.746359	-0.806831	0.603799
0.730984	-0.738592	0.581863
0.72282	-0.666959	0.54271
0.734041	-0.582372	0.527768
0.740903	-0.497771	0.49307
0.727739	-0.408159	0.436567
0.742462	-0.335896	0.433361
0.723323	-0.237544	0.338455
0.730872	-0.148	0.31555
0.735424	-0.0383883	0.309564
0.735296	0.0758581	0.305855
0.686491	0.180755	0.247523
0.691104	0.25734	0.274331
0.701732	0.349616	0.323346
0.697863	0.472723	0.389737
0.720293	0.587277	0.467484
0.732487	0.712533	0.544669
0.680714	0.926471	0.604217
0.425103	1.27906	0.595328

1.68345	-1.99276	-0.0250724
1.56531	-1.94683	-0.0338577
1.50301	-1.93323	-0.0234319
1.48717	-1.91407	-0.0119951
1.40412	-1.86569	0.000921561
1.36793	-1.82363	-0.00229238
1.30046	-1.77649	0.00761043
1.25066	-1.74071	0.0311118
1.21171	-1.69626	0.0568134
1.15717	-1.64644	0.141857
1.1556	-1.59865	0.170003
1.13704	-1.54032	0.264571
1.10949	-1.47894	0.370017
1.07098	-1.41946	0.455583
1.05464	-1.37821	0.489827
1.04249	-1.32223	0.521088
1.04566	-1.24406	0.554368
1.0191	-1.15099	0.592442
0.962474	-1.08109	0.609451
0.976018	-1.01288	0.61951
0.939503	-0.938293	0.629899
0.918733	-0.855066	0.621212
0.885702	-0.774175	0.616959
0.868901	-0.711007	0.597374
0.870412	-0.625221	0.597663
0.870563	-0.538313	0.571211
0.835851	-0.455337	0.517778
0.850759	-0.384005	0.510692
0.850013	-0.285097	0.448055
0.871409	-0.193219	0.43648
0.866525	-0.090554	0.422123
0.866426	0.0270917	0.430599
0.823298	0.115101	0.386556
0.82502	0.185799	0.39358
0.839218	0.273312	0.423587
0.859005	0.385222	0.493248
0.876733	0.471392	0.549776
0.879558	0.587643	0.577272
0.84842	0.822214	0.618381
0.863779	1.39242	0.421295

1.83973	-1.95424	0.00984558
1.83547	-1.83866	-0.00197155
1.83028	-1.73416	-0.00846415
1.79795	-1.74317	-0.00434089
1.72124	-1.75178	0.000980705
1.62679	-1.76891	-0.00179449
1.53472	-1.75262	-0.00036691
1.47284	-1.73951	0.0059141
1.38413	-1.70852	0.0230416
1.31828	-1.66674	0.0642874
1.35176	-1.62048	0.068285
1.30984	-1.56781	0.131211
1.30394	-1.49593	0.212023
1.23606	-1.44365	0.303721
1.24037	-1.41057	0.32637
1.49231	-1.37974	0.151823
1.5769	-1.33885	0.10564
1.51027	-1.28627	0.177756
1.40612	-1.23264	0.27491
1.39631	-1.13842	0.331425
1.50986	-1.06755	0.259956
1.4937	-1.01512	0.282661
1.38513	-0.935112	0.351715
1.32554	-0.862176	0.422995
1.48869	-0.746901	0.407304
1.39531	-0.684225	0.450205
1.26863	-0.621357	0.483677
1.30507	-0.534311	0.539926
1.24411	-0.465537	0.536075
1.21086	-0.386578	0.556351
1.27268	-0.28004	0.530428
1.36167	-0.167836	0.470744
1.35322	-0.0878616	0.43434
1.37922	-0.00700658	0.457791
1.38065	0.0748986	0.48426
1.26243	0.195463	0.52595
1.17993	0.304547	0.58298
1.32398	0.419532	0.507947
1.31775	0.651987	0.510038
1.26233	1.23324	0.349606

