-2	-2	0
-2	-1.9	0
-2	-1.8	0
-2	-1.7	0
-2	-1.6	0
-2	-1.5	0
-2	-1.4	0
-2	-1.3	0
-2	-1.2	0
-1.99636	-1.10423	0.0075974
-1.99671	-1.01288	0.00687441
-1.99756	-0.916242	0.00509269
-1.99852	-0.813917	0.00308887
-1.99927	-0.70893	0.00153389
-1.9997	-0.604452	0.000623632
-1.9999	-0.501755	0.000207589
-1.99997	-0.400553	5.65747e-05
-1.99999	-0.30014	1.26235e-05
-2	-0.200029	2.30611e-06
-2	-0.100005	3.44921e-07
-2	-6.35066e-07	4.22378e-08
-2	0.0999999	4.23472e-09
-2	0.2	3.47607e-10
-2	0.3	2.33611e-11
-2	0.4	1.2854e-12
-2	0.5	5.79063e-14
-2	0.6	2.13577e-15
-2	0.7	6.44946e-17
-1.99592	0.802131	-0.00191903
-1.99631	0.89288	-0.00173641
-1.99726	0.988022	-0.00128636
-1.99409	1.08926	0.00491255
-1.99525	1.18351	0.00472805
-1.99472	1.27963	-0.0024439
-1.99231	1.37734	-0.00414398
-1.98993	1.47238	-0.00853753
-1.99209	1.5642	-0.00704605
-1.99472	1.66628	-0.00478883
-1.99539	1.77716	4.32889e-05
-1.99707	1.87084	0.00126939

-1.9	-2	0
-1.90199	-1.89909	0.00690694
-1.9018	-1.80823	0.00624966
-1.90511	-1.71572	-0.0017173
-1.89781	-1.6272	-0.0124238
-1.90338	-1.54301	-0.011853
-1.90592	-1.45169	-0.0159064
-1.905	-1.35658	-0.0122865
-1.90209	-1.24361	-0.00806909
-1.90614	-1.13913	0.0019962
-1.91236	-1.03349	0.0195752
-1.91025	-0.950995	0.0187875
-1.90742	-0.87089	0.014974
-1.90448	-0.770555	0.00981902
-1.90222	-0.652986	0.00523205
-1.90089	-0.530732	0.00225227
-1.90032	-0.409763	0.0335282
-1.9001	-0.310677	0.0301184
-1.90003	-0.212464	0.0222647
-1.90001	-0.111101	0.0134933
-1.89622	-0.00745937	0.0383799
-1.89342	0.0883031	0.0972358
-1.89188	0.166196	0.114575
-1.89364	0.251926	0.090964
-1.89571	0.350827	0.0805039
-1.89747	0.454202	0.0537351
-1.89871	0.564564	0.0313781
-1.90436	0.675175	0.010464
-1.91615	0.773623	-0.000352749
-1.91277	0.846613	-0.00774774
-1.91245	0.926894	-0.0101006
-1.91324	1.03109	-0.00242932
-1.90966	1.13641	-0.000422588
-1.91232	1.2511	-0.00455286
-1.90864	1.36474	0.00779983
-1.91037	1.45422	0.00229326
-1.9118	1.54688	0.00814233
-1.90912	1.62842	0.00741559
-1.9182	1.73142	0.00777399
-1.91781	1.8375	0.00969299

-1.8	-2	0
-1.81386	-1.90307	0.00977478
-1.81256	-1.81931	0.00887478
-1.82361	-1.72541	0.00485783
-1.82663	-1.64011	-0.0147625
-1.83362	-1.56067	-0.0147506
-1.83587	-1.46853	-0.0177948
-1.82681	-1.36916	-0.0135435
-1.82629	-1.25267	-0.00792482
-1.82792	-1.1561	0.00090404
-1.84751	-1.04993	0.0171109
-1.85137	-0.961071	0.0168968
-1.8448	-0.878821	-0.000296649
-1.83214	-0.789198	-0.00450763
-1.81961	-0.679097	-0.00583544
-1.80641	-0.553967	0.0802558
-1.80834	-0.444835	0.136894
-1.80402	-0.3574	0.144721
-1.80674	-0.262149	0.168243
-1.80655	-0.172713	0.158706
-1.81387	-0.0688197	0.197348
-1.82359	0.0173039	0.2252
-1.82162	0.0959937	0.240906
-1.81664	0.18016	0.212631
-1.81881	0.283885	0.18451
-1.81464	0.393738	0.130256
-1.80985	0.512853	0.144615
-1.82313	0.624142	0.100109
-1.84733	0.733176	0.0656107
-1.84338	0.818481	0.0328184
-1.84123	0.896736	0.0137769
-1.83905	1.00091	0.0074311
-1.82771	1.11363	0.00307054
-1.82723	1.23901	-0.00247218
-1.83779	1.36201	0.00798749
-1.83862	1.45756	0.00360947
-1.85196	1.55398	0.00895203
-1.84174	1.63773	0.00777073
-1.84808	1.73969	0.00725556
-1.84233	1.85332	0.0184469

-1.7	-2	0
-1.72597	-1.90301	0.00790177
-1.72357	-1.8165	0.00717006
-1.74242	-1.72125	0.00485581
-1.75713	-1.63384	-0.0118855
-1.76049	-1.55147	-0.012144
-1.75824	-1.45782	-0.0142893
-1.74145	-1.35654	-0.00292642
-1.75056	-1.25099	0.00161045
-1.75117	-1.15944	0.00201214
-1.77259	-1.0609	0.0120729
-1.77773	-0.968297	0.0117671
-1.7766	-0.876442	0.0177626
-1.75592	-0.787319	0.048881
-1.73651	-0.688397	0.0448076
-1.73137	-0.569835	0.104361
-1.73735	-0.458821	0.138949
-1.73421	-0.362337	0.13811
-1.74231	-0.26113	0.15644
-1.7405	-0.167592	0.14623
-1.75451	-0.0643637	0.179843
-1.7675	0.0239142	0.20091
-1.77224	0.105885	0.240134
-1.76274	0.187629	0.214151
-1.76125	0.288202	0.183434
-1.74771	0.398957	0.156676
-1.74391	0.508973	0.220917
-1.75345	0.599586	0.200256
-1.77802	0.693326	0.17257
-1.78289	0.781412	0.113297
-1.77579	0.871877	0.0781563
-1.76313	0.976319	0.0624503
-1.74346	1.08868	0.0416072
-1.73502	1.21611	0.022765
-1.74857	1.34832	0.0124222
-1.74692	1.449	0.00355468
-1.76722	1.54371	0.0054331
-1.75461	1.63219	0.00447586
-1.75468	1.74164	0.00556386
-1.76647	1.86058	0.0190454

-1.6	-2	0
-1.62799	-1.90238	0.00530056
-1.62529	-1.81181	0.00392684
-1.64523	-1.7222	0.00337954
-1.66372	-1.64669	-0.00820462
-1.66373	-1.56549	-0.00834495
-1.65685	-1.46505	-0.00797489
-1.6443	-1.35978	0.00283559
-1.65686	-1.2617	0.00549143
-1.6591	-1.16227	0.0110694
-1.67467	-1.0701	0.0151718
-1.67795	-0.973587	0.0127787
-1.68755	-0.8763	0.0498399
-1.66964	-0.785063	0.117994
-1.65175	-0.695541	0.135021
-1.64932	-0.589514	0.197392
-1.65504	-0.48815	0.223556
-1.65022	-0.390887	0.235146
-1.66029	-0.28964	0.212687
-1.65735	-0.188044	0.173076
-1.67399	-0.0734812	0.16874
-1.68605	0.0285223	0.165526
-1.70043	0.122082	0.196757
-1.68859	0.210912	0.171878
-1.68316	0.313216	0.144601
-1.66914	0.422124	0.126736
-1.67858	0.527783	0.190863
-1.68417	0.617169	0.213129
-1.70494	0.69996	0.191598
-1.70887	0.787354	0.134256
-1.69844	0.887052	0.119589
-1.68311	0.987591	0.0959615
-1.65663	1.09793	0.0676522
-1.64123	1.21094	0.0427185
-1.65991	1.33175	0.00783063
-1.65972	1.41674	-0.00189095
-1.67028	1.50833	-0.0096483
-1.6576	1.60855	0.00369216
-1.65901	1.71221	0.00793907
-1.68359	1.83514	0.0200837

-1.5	-2	0
-1.51991	-1.89717	0.00384534
-1.52536	-1.81932	0.00274429
-1.55109	-1.73701	0.00255855
-1.56468	-1.65668	-0.00383396
-1.56533	-1.56141	0.00301803
-1.56275	-1.45924	0.00557756
-1.55991	-1.36818	0.011037
-1.56582	-1.27839	0.0206232
-1.57513	-1.17413	0.0439029
-1.57813	-1.08583	0.0404061
-1.57224	-0.984536	0.0301935
-1.58993	-0.876232	0.057383
-1.58249	-0.772528	0.153329
-1.57174	-0.686717	0.191532
-1.5744	-0.589421	0.258401
-1.57914	-0.501698	0.283247
-1.57582	-0.410398	0.269055
-1.576	-0.303776	0.251183
-1.56651	-0.197593	0.194819
-1.57423	-0.0791659	0.159017
-1.57443	0.0322667	0.219529
-1.59094	0.123524	0.220467
-1.57732	0.213181	0.229103
-1.57117	0.310015	0.222109
-1.57052	0.416519	0.259939
-1.58604	0.509584	0.263221
-1.59925	0.603797	0.275107
-1.61276	0.694145	0.284799
-1.6108	0.776147	0.220385
-1.60599	0.877995	0.178457
-1.59067	0.986269	0.128014
-1.5707	1.10484	0.0803515
-1.54717	1.2206	0.0890395
-1.57794	1.32425	0.0471804
-1.57579	1.40111	0.0295792
-1.58123	1.4933	0.010366
-1.57731	1.60189	0.0130755
-1.57463	1.71432	0.0109048
-1.6045	1.83848	0.0135208

-1.4	-2	0
-1.42973	-1.89693	0.00221222
-1.44128	-1.81212	0.0024742
-1.46333	-1.73419	0.00248231
-1.46513	-1.65249	-0.000852657
-1.46501	-1.54967	0.00907471
-1.4718	-1.45974	0.00461239
-1.4689	-1.38032	0.0154452
-1.47126	-1.30806	0.0228721
-1.48863	-1.20366	0.0439285
-1.47628	-1.10749	0.0955411
-1.4631	-1.00882	0.12681
-1.47488	-0.905069	0.127556
-1.47735	-0.798593	0.20886
-1.48208	-0.701503	0.249689
-1.49454	-0.600011	0.299288
-1.5002	-0.510209	0.331643
-1.49461	-0.421198	0.295916
-1.48852	-0.312703	0.256056
-1.4777	-0.197176	0.273763
-1.46747	-0.088371	0.301232
-1.47484	0.00675687	0.341884
-1.48173	0.093349	0.29544
-1.47435	0.193742	0.262358
-1.46898	0.306568	0.26443
-1.48392	0.415535	0.317955
-1.49251	0.503305	0.288361
-1.50749	0.599066	0.304764
-1.52376	0.692808	0.323685
-1.51247	0.779245	0.25571
-1.50677	0.884034	0.231632
-1.48711	0.992334	0.170358
-1.4727	1.11122	0.15315
-1.46477	1.21154	0.16145
-1.50318	1.30951	0.0955021
-1.49726	1.3861	0.0700012
-1.49257	1.47519	0.0408414
-1.4892	1.58822	0.0284017
-1.47858	1.70955	0.0171051
-1.50963	1.84316	0.00299622

-1.3	-2	0
-1.33166	-1.89391	-0.00370414
-1.35054	-1.81152	-0.00223514
-1.36544	-1.733	-0.00124625
-1.35931	-1.64785	-0.00177556
-1.36591	-1.5494	0.0157383
-1.38927	-1.46626	0.0109393
-1.39818	-1.38356	0.0288234
-1.39392	-1.31131	0.0323533
-1.4025	-1.20868	0.0773178
-1.39168	-1.11071	0.175021
-1.37774	-1.02466	0.222316
-1.37219	-0.92641	0.23461
-1.37924	-0.823822	0.256176
-1.39055	-0.716724	0.2575
-1.4051	-0.60458	0.300369
-1.41482	-0.508602	0.311459
-1.40366	-0.412888	0.263018
-1.39472	-0.29759	0.287869
-1.39441	-0.195021	0.32923
-1.38881	-0.0983694	0.335168
-1.39513	-0.0040305	0.372941
-1.38741	0.0831018	0.308713
-1.37611	0.189702	0.252995
-1.37462	0.309906	0.237286
-1.4002	0.420708	0.314879
-1.39648	0.512108	0.306499
-1.40942	0.60038	0.336038
-1.42773	0.693315	0.366057
-1.40808	0.776458	0.35159
-1.40116	0.867986	0.309371
-1.37959	0.974275	0.228013
-1.3783	1.10039	0.210468
-1.3866	1.20522	0.205288
-1.42321	1.30441	0.129865
-1.41649	1.39137	0.0961142
-1.40026	1.48159	0.062993
-1.38758	1.57994	0.0289978
-1.36983	1.6839	0.0127119
-1.42431	1.81677	0.00820924

-1.19585	-1.99528	-0.00232221
-1.23003	-1.89963	-0.00570399
-1.24792	-1.81747	0.00301954
-1.2543	-1.74016	0.00401064
-1.25498	-1.65016	0.00283702
-1.27122	-1.5489	0.0156218
-1.29978	-1.45934	0.0113114
-1.31902	-1.37093	0.0264757
-1.31003	-1.29302	0.0622068
-1.31497	-1.19405	0.175415
-1.31713	-1.11283	0.264676
-1.30488	-1.03454	0.309992
-1.29104	-0.940059	0.317275
-1.28834	-0.839555	0.293569
-1.29335	-0.725405	0.314126
-1.30812	-0.618369	0.348966
-1.31264	-0.528683	0.36271
-1.298	-0.43386	0.297029
-1.29955	-0.310447	0.360094
-1.30948	-0.208193	0.365079
-1.30541	-0.108468	0.337952
-1.3156	-0.00934255	0.375553
-1.29725	0.0815734	0.302132
-1.28132	0.191846	0.277904
-1.28396	0.309501	0.317236
-1.30643	0.403715	0.373799
-1.30157	0.49026	0.34003
-1.31275	0.591085	0.439173
-1.32979	0.671802	0.429312
-1.32032	0.755879	0.392075
-1.30881	0.854227	0.32243
-1.27782	0.968714	0.265794
-1.28862	1.08445	0.306569
-1.30097	1.18019	0.278954
-1.32161	1.28557	0.224515
-1.32532	1.37685	0.189816
-1.31159	1.45915	0.150634
-1.30101	1.55072	0.101236
-1.27879	1.65258	0.0618181
-1.34469	1.79375	0.0297737

-1.10529	-1.99573	-0.00210122
-1.1367	-1.89992	-0.00707482
-1.1581	-1.81519	0.00617576
-1.15602	-1.75214	0.00965805
-1.15929	-1.67577	0.00904145
-1.17069	-1.58403	0.0148833
-1.18907	-1.48434	0.0110815
-1.20948	-1.37807	0.0207604
-1.20927	-1.28189	0.090897
-1.22632	-1.18511	0.183371
-1.23808	-1.10188	0.286149
-1.22784	-1.02263	0.344396
-1.21261	-0.934098	0.387491
-1.19805	-0.844414	0.344737
-1.20351	-0.733435	0.328628
-1.21364	-0.62337	0.349227
-1.21552	-0.528989	0.337068
-1.19466	-0.426755	0.26265
-1.21034	-0.302013	0.313338
-1.21847	-0.194631	0.30278
-1.20974	-0.0900777	0.264906
-1.22186	0.0136827	0.335381
-1.19703	0.103832	0.270742
-1.18156	0.212601	0.284716
-1.19844	0.319765	0.337627
-1.21691	0.405955	0.357842
-1.20833	0.495	0.309108
-1.23559	0.601635	0.41606
-1.24302	0.683499	0.391663
-1.23312	0.772305	0.378319
-1.21765	0.869972	0.343313
-1.19145	0.970261	0.318074
-1.20821	1.07192	0.332187
-1.21438	1.17097	0.301472
-1.22979	1.27662	0.247676
-1.24282	1.37715	0.201564
-1.23201	1.46914	0.15511
-1.22327	1.56775	0.103692
-1.19306	1.66941	0.0626007
-1.26182	1.80865	0.0295169

-1.01062	-1.99684	-0.00155662
-1.04064	-1.90032	-0.00549085
-1.07271	-1.81334	0.00120433
-1.0724	-1.75057	0.00434766
-1.07778	-1.6739	0.00517712
-1.07627	-1.5789	0.0466213
-1.07736	-1.48135	0.0735241
-1.08801	-1.38418	0.101055
-1.09488	-1.29533	0.216093
-1.11641	-1.20399	0.277791
-1.13489	-1.11867	0.318838
-1.13048	-1.02536	0.368391
-1.13034	-0.929034	0.413733
-1.11017	-0.839752	0.355102
-1.11083	-0.729787	0.310571
-1.11925	-0.616757	0.301611
-1.11672	-0.51259	0.305296
-1.09032	-0.408006	0.235582
-1.10764	-0.288406	0.259575
-1.107	-0.17895	0.230896
-1.08265	-0.0751016	0.317678
-1.10176	0.00479759	0.377923
-1.08296	0.0847366	0.312332
-1.08056	0.196502	0.332662
-1.10819	0.307067	0.371761
-1.11447	0.397725	0.40291
-1.10057	0.482462	0.374459
-1.13812	0.584746	0.435312
-1.13646	0.670528	0.408428
-1.13303	0.76517	0.37182
-1.11601	0.869728	0.399178
-1.10126	0.958727	0.364007
-1.11521	1.0556	0.366848
-1.11938	1.15908	0.313584
-1.12895	1.27231	0.247498
-1.14493	1.37875	0.240995
-1.13426	1.46441	0.219967
-1.12871	1.55708	0.167397
-1.0978	1.66266	0.111753
-1.16327	1.79644	0.0489221

-0.910509	-1.99808	-0.000944138
-0.935894	-1.90029	-0.00352975
-0.980397	-1.80946	-0.000485611
-0.981945	-1.73836	0.00202994
-0.984921	-1.65684	0.00308206
-0.981634	-1.56033	0.0408005
-0.976622	-1.46103	0.0692881
-0.98313	-1.36516	0.0921777
-1.00227	-1.2747	0.19758
-1.01956	-1.18144	0.309955
-1.03127	-1.10005	0.35151
-1.03066	-1.00943	0.370927
-1.03975	-0.911589	0.406698
-1.01474	-0.824999	0.336464
-1.00596	-0.716848	0.270814
-1.00868	-0.600372	0.236454
-1.00656	-0.488307	0.230651
-0.977379	-0.379672	0.205268
-0.991347	-0.270473	0.278561
-0.982192	-0.181048	0.265048
-0.98609	-0.0874199	0.324323
-1.00732	-0.00355527	0.365548
-0.987825	0.0803966	0.296458
-0.990708	0.201599	0.325303
-1.01386	0.306953	0.360287
-1.0164	0.396682	0.368378
-1.00525	0.486031	0.333874
-1.04523	0.592154	0.399113
-1.03801	0.681981	0.365281
-1.03136	0.781141	0.316414
-1.03458	0.890484	0.384983
-1.02148	0.97688	0.371388
-1.02586	1.06717	0.384902
-1.01464	1.16627	0.381331
-1.01142	1.26964	0.329104
-1.04013	1.37198	0.286524
-1.03101	1.46993	0.292372
-1.02301	1.55314	0.243887
-0.991614	1.64876	0.195103
-1.05724	1.77467	0.100926

-0.803315	-1.9986	-0.00281663
-0.820172	-1.90867	-0.00387689
-0.864824	-1.81721	-0.00258094
-0.871093	-1.73834	0.0281832
-0.87328	-1.65398	0.0270624
-0.871246	-1.55441	0.086379
-0.866549	-1.45778	0.0995603
-0.8709	-1.3611	0.101302
-0.901162	-1.26363	0.247731
-0.918156	-1.17609	0.354521
-0.922466	-1.10156	0.36085
-0.920507	-1.01088	0.341706
-0.937478	-0.905592	0.347391
-0.910581	-0.805133	0.267904
-0.890738	-0.683974	0.272359
-0.88365	-0.576866	0.266719
-0.885513	-0.478891	0.274194
-0.870631	-0.385165	0.238406
-0.886878	-0.278774	0.294069
-0.876473	-0.192298	0.302466
-0.89187	-0.109662	0.339996
-0.908621	-0.0266353	0.361419
-0.889201	0.0614536	0.311811
-0.89801	0.181332	0.347506
-0.914203	0.277162	0.360294
-0.912374	0.368259	0.338288
-0.902534	0.469934	0.290639
-0.938999	0.587451	0.353853
-0.926741	0.686694	0.3498
-0.915764	0.786042	0.329209
-0.938415	0.893524	0.366273
-0.929529	0.986356	0.336213
-0.931469	1.08769	0.359945
-0.917298	1.18708	0.406264
-0.909203	1.27774	0.382493
-0.932672	1.36873	0.323936
-0.943026	1.47284	0.319704
-0.934181	1.56234	0.25858
-0.906065	1.66332	0.200143
-0.95178	1.78492	0.108888

-0.709577	-1.99916	-0.00234016
-0.718624	-1.90778	-0.0027276
-0.750216	-1.81601	0.0163463
-0.76211	-1.73555	0.0427708
-0.757358	-1.65135	0.0794706
-0.761813	-1.5577	0.115813
-0.755431	-1.46169	0.146923
-0.756166	-1.36579	0.129407
-0.798128	-1.26234	0.263111
-0.823396	-1.17144	0.332078
-0.822485	-1.09082	0.347526
-0.812679	-1.00027	0.306378
-0.822659	-0.893684	0.282348
-0.792381	-0.787017	0.236594
-0.782819	-0.670319	0.242782
-0.778178	-0.56633	0.230533
-0.783916	-0.467158	0.24714
-0.773095	-0.377831	0.211678
-0.793811	-0.274139	0.246339
-0.796535	-0.183561	0.254273
-0.809774	-0.104544	0.287848
-0.818434	-0.0225176	0.29296
-0.802145	0.0695884	0.275671
-0.816393	0.179567	0.313499
-0.824243	0.269645	0.309978
-0.814967	0.366513	0.273917
-0.798713	0.479086	0.220688
-0.825795	0.602399	0.263158
-0.816844	0.713009	0.292435
-0.805699	0.807621	0.318614
-0.827661	0.89921	0.32976
-0.814232	0.993379	0.317467
-0.817157	1.09257	0.320927
-0.819106	1.19312	0.384843
-0.811577	1.28626	0.424807
-0.822904	1.36636	0.36457
-0.843717	1.46765	0.33381
-0.835925	1.57067	0.281435
-0.809465	1.67853	0.252377
-0.828676	1.78656	0.164747

-0.612686	-1.99952	-0.00166439
-0.62068	-1.90291	0.022483
-0.64442	-1.81738	0.0363039
-0.655056	-1.73513	0.0504148
-0.654956	-1.64665	0.0786725
-0.662302	-1.54588	0.137195
-0.656097	-1.44982	0.198191
-0.651306	-1.36416	0.16897
-0.691733	-1.26464	0.242556
-0.710463	-1.16799	0.310895
-0.710511	-1.08395	0.309925
-0.69799	-0.985715	0.287879
-0.69595	-0.885325	0.276719
-0.678201	-0.786486	0.234675
-0.676294	-0.675415	0.220234
-0.669767	-0.567926	0.213105
-0.682654	-0.466829	0.213674
-0.672563	-0.372896	0.174033
-0.690747	-0.266215	0.18579
-0.709631	-0.169807	0.198507
-0.721161	-0.0904035	0.217802
-0.719939	-0.00486146	0.213452
-0.712788	0.0844216	0.210342
-0.730739	0.191386	0.24264
-0.730303	0.286357	0.232275
-0.71092	0.390846	0.19273
-0.685841	0.508613	0.143973
-0.703277	0.631553	0.215331
-0.703445	0.737717	0.287721
-0.700599	0.820114	0.338111
-0.713212	0.900384	0.341311
-0.708409	0.98937	0.310178
-0.70734	1.09097	0.280392
-0.72497	1.20092	0.31926
-0.731028	1.29995	0.394646
-0.722279	1.38233	0.360111
-0.735241	1.47587	0.31909
-0.729377	1.57763	0.314126
-0.720499	1.67717	0.288499
-0.72367	1.78302	0.202466

-0.511367	-1.99975	-0.000990189
-0.522286	-1.8997	0.037764
-0.540126	-1.81907	0.0459047
-0.546471	-1.73643	0.121229
-0.548733	-1.65932	0.128478
-0.554618	-1.56193	0.238258
-0.559066	-1.4738	0.259606
-0.551719	-1.38412	0.2102
-0.582278	-1.27684	0.258369
-0.601614	-1.17319	0.280905
-0.600654	-1.07838	0.257802
-0.592467	-0.972604	0.230292
-0.594168	-0.86857	0.288116
-0.581917	-0.781867	0.251179
-0.576271	-0.684041	0.244448
-0.570513	-0.581848	0.215752
-0.579616	-0.475649	0.188577
-0.573702	-0.366907	0.145896
-0.580138	-0.270821	0.119032
-0.605816	-0.186259	0.128208
-0.610943	-0.104501	0.129195
-0.607262	-0.0164812	0.118887
-0.607931	0.0785559	0.121303
-0.62231	0.174807	0.147073
-0.614921	0.275653	0.145562
-0.594744	0.387232	0.143007
-0.568759	0.50518	0.112512
-0.58239	0.630759	0.161966
-0.598461	0.745883	0.28341
-0.605141	0.825784	0.318269
-0.612182	0.905835	0.303525
-0.603917	1.00036	0.297442
-0.593344	1.10031	0.250511
-0.614199	1.21188	0.299914
-0.636677	1.30956	0.352166
-0.623697	1.39937	0.351957
-0.623562	1.49147	0.299125
-0.629823	1.59449	0.287581
-0.632745	1.69428	0.275833
-0.633922	1.79547	0.200111

-0.407554	-1.99988	-0.000487256
-0.431033	-1.89922	0.0539938
-0.444676	-1.82467	0.0882333
-0.461004	-1.74625	0.14025
-0.459768	-1.66712	0.130674
-0.472711	-1.56382	0.306287
-0.476906	-1.48564	0.342735
-0.463144	-1.40539	0.287129
-0.479286	-1.29955	0.273908
-0.490302	-1.18476	0.245006
-0.484061	-1.07353	0.196454
-0.478698	-0.958505	0.214072
-0.495635	-0.858518	0.286955
-0.484759	-0.778099	0.247427
-0.483008	-0.683771	0.250662
-0.475311	-0.587741	0.208387
-0.474623	-0.478056	0.155465
-0.481853	-0.381011	0.120494
-0.492711	-0.290691	0.0566592
-0.505172	-0.213059	0.057714
-0.507066	-0.129521	0.0568458
-0.50735	-0.0302264	0.0556129
-0.518121	0.0804904	0.0680852
-0.52045	0.185108	0.0868065
-0.508056	0.290677	0.0865913
-0.489525	0.403317	0.0924106
-0.46233	0.520015	0.0727132
-0.470029	0.646162	0.131858
-0.500423	0.752044	0.231773
-0.50696	0.837418	0.27637
-0.508051	0.916175	0.255927
-0.498981	1.00655	0.27691
-0.482205	1.10631	0.302745
-0.499211	1.20778	0.354889
-0.522268	1.30017	0.356327
-0.517457	1.39774	0.332921
-0.506642	1.49899	0.296919
-0.517918	1.60588	0.265841
-0.532686	1.70502	0.265473
-0.533087	1.80158	0.211985

-0.307157	-1.99829	-0.00200678
-0.342837	-1.90125	0.0868448
-0.356404	-1.83762	0.109557
-0.375607	-1.76149	0.163134
-0.367926	-1.68146	0.143547
-0.399948	-1.57364	0.308983
-0.404021	-1.49128	0.328602
-0.382196	-1.4062	0.30473
-0.382893	-1.30168	0.34593
-0.377151	-1.19998	0.331673
-0.361903	-1.09604	0.301498
-0.363274	-0.987503	0.364625
-0.392802	-0.901139	0.388926
-0.385006	-0.821652	0.321622
-0.389058	-0.719316	0.276356
-0.378128	-0.606587	0.202513
-0.384551	-0.482003	0.134779
-0.395483	-0.37843	0.0957042
-0.416944	-0.289244	0.0383791
-0.419534	-0.215137	0.0323416
-0.412224	-0.12834	0.0277282
-0.406804	-0.0214113	0.0266395
-0.415195	0.0972279	0.0355026
-0.411863	0.207189	0.0404131
-0.398432	0.30943	0.04124
-0.38323	0.417573	0.0512031
-0.357193	0.531669	0.041539
-0.36561	0.654727	0.0878574
-0.39308	0.759503	0.183262
-0.403597	0.846091	0.217951
-0.397292	0.928513	0.193977
-0.396075	1.02132	0.293178
-0.391222	1.11416	0.349332
-0.402957	1.20134	0.365738
-0.408726	1.29494	0.368315
-0.404146	1.39353	0.322019
-0.393421	1.50558	0.301376
-0.399374	1.60999	0.251269
-0.421353	1.71067	0.234918
-0.426898	1.82053	0.185681

-0.21379	-1.99848	-0.00171478
-0.258794	-1.90145	0.0890476
-0.268268	-1.83756	0.103117
-0.280147	-1.76064	0.192306
-0.267458	-1.68755	0.170638
-0.306501	-1.58665	0.274438
-0.309593	-1.49506	0.27335
-0.290985	-1.39973	0.328999
-0.29355	-1.30171	0.394996
-0.28661	-1.21371	0.364645
-0.274006	-1.11014	0.314078
-0.284938	-0.994946	0.375762
-0.314087	-0.904293	0.384503
-0.300446	-0.823876	0.313503
-0.302611	-0.722673	0.272244
-0.292328	-0.630565	0.202714
-0.296978	-0.527943	0.141861
-0.300922	-0.41671	0.0914766
-0.3285	-0.318531	0.0409272
-0.325514	-0.22914	0.0323267
-0.310417	-0.13527	0.027881
-0.296247	-0.0290903	0.0238761
-0.296949	0.0905031	0.0281991
-0.300078	0.205682	0.0252603
-0.286393	0.313833	0.0235955
-0.272413	0.427294	0.0299443
-0.251986	0.540366	0.0245745
-0.258617	0.653761	0.0544645
-0.277577	0.756794	0.143052
-0.292248	0.838961	0.190297
-0.285199	0.921818	0.209047
-0.298838	1.01174	0.308444
-0.306994	1.1039	0.342531
-0.313889	1.1952	0.365027
-0.310206	1.29221	0.345844
-0.294331	1.39787	0.326035
-0.290241	1.5079	0.294427
-0.289808	1.61092	0.271098
-0.310239	1.70706	0.264289
-0.323212	1.81154	0.246556

-0.111723	-1.9957	0.0172136
-0.158502	-1.90556	0.108918
-0.165827	-1.84231	0.111428
-0.190798	-1.76744	0.204396
-0.177582	-1.69219	0.179016
-0.206428	-1.59271	0.22598
-0.201467	-1.48678	0.24128
-0.200669	-1.38876	0.294335
-0.212369	-1.29217	0.344124
-0.204556	-1.20114	0.378492
-0.193333	-1.10833	0.354162
-0.208691	-1.0084	0.401963
-0.233484	-0.917738	0.3782
-0.210824	-0.828194	0.325804
-0.220805	-0.727588	0.268241
-0.217542	-0.632353	0.19342
-0.210829	-0.525808	0.125893
-0.219088	-0.41732	0.0621547
-0.234344	-0.324631	0.0296913
-0.231463	-0.235852	0.0232753
-0.214683	-0.136516	0.0213547
-0.192476	-0.0219679	0.018118
-0.186347	0.104199	0.0196436
-0.188541	0.223955	0.0150945
-0.168558	0.335375	0.0149389
-0.161428	0.419673	0.0219026
-0.154581	0.499571	0.0242059
-0.155725	0.593156	0.0356074
-0.170326	0.703775	0.10904
-0.187421	0.806531	0.147603
-0.182561	0.90625	0.198337
-0.206254	1.00751	0.273763
-0.217874	1.10721	0.327744
-0.221289	1.201	0.333386
-0.208034	1.30324	0.330453
-0.192221	1.40741	0.30254
-0.188068	1.5162	0.257829
-0.185768	1.62196	0.228346
-0.20395	1.72898	0.290161
-0.228909	1.8273	0.285486

-0.0185295	-1.99366	0.0248756
-0.063863	-1.91026	0.0886575
-0.0664141	-1.84315	0.109963
-0.0987359	-1.76817	0.178936
-0.0796459	-1.68521	0.18932
-0.0898521	-1.5906	0.19567
-0.0842449	-1.48482	0.236053
-0.0942945	-1.38687	0.26413
-0.113682	-1.28981	0.316267
-0.118117	-1.1997	0.340968
-0.107114	-1.10892	0.369506
-0.121079	-1.02328	0.385453
-0.135364	-0.929701	0.341945
-0.115864	-0.826489	0.301424
-0.125675	-0.72621	0.243032
-0.125486	-0.626121	0.174185
-0.109971	-0.521275	0.110242
-0.124044	-0.421877	0.051662
-0.133046	-0.329503	0.026178
-0.130991	-0.229533	0.01943
-0.109326	-0.119725	0.022493
-0.0818242	-0.00700563	0.0190196
-0.0708228	0.115151	0.0120251
-0.0701599	0.223621	0.000425046
-0.0755634	0.326736	0.00251176
-0.0820574	0.412886	0.0106728
-0.083276	0.498719	0.0159666
-0.0772661	0.60233	0.0594312
-0.0853203	0.705045	0.108489
-0.0883892	0.80577	0.155612
-0.0873499	0.902404	0.226516
-0.100236	0.998062	0.312716
-0.109002	1.08851	0.354027
-0.108732	1.17692	0.329255
-0.0996204	1.28489	0.300352
-0.0899738	1.40336	0.289165
-0.0822543	1.51772	0.234046
-0.0777183	1.62824	0.194872
-0.109195	1.74229	0.246148
-0.150252	1.84861	0.246277

0.072427	-1.99488	0.0204442
0.0308047	-1.90903	0.0914218
0.0271542	-1.83924	0.108203
8.71776e-05	-1.76119	0.147511
0.014918	-1.66697	0.198778
0.0198961	-1.57755	0.181206
0.0200588	-1.47834	0.246781
0.015592	-1.3824	0.280799
-0.00837014	-1.28932	0.333515
-0.0174017	-1.19907	0.358197
-0.0232229	-1.10936	0.363256
-0.0303957	-1.0202	0.342459
-0.0279844	-0.918523	0.279035
-0.0209401	-0.805348	0.239603
-0.0242186	-0.699111	0.183399
-0.0181966	-0.594714	0.127308
-0.0158559	-0.490744	0.0784165
-0.0264222	-0.395955	0.0351087
-0.0250923	-0.302926	0.0184565
-0.0141188	-0.198935	0.0186802
0.000551306	-0.0916232	0.014586
0.0280054	0.00765424	0.0112271
0.0385414	0.11762	-0.000139118
0.0360815	0.2163	-0.00756863
0.0189915	0.316405	-0.00534072
0.00583205	0.40184	-0.00104115
0.00330687	0.489938	0.00420911
0.00677882	0.591002	0.0406058
0.00801845	0.694524	0.0950337
0.00766651	0.799413	0.134125
0.00096096	0.903237	0.191666
-0.0137828	1.00537	0.2579
-0.0213865	1.10222	0.287933
-0.00768561	1.19954	0.332705
0.00987872	1.29848	0.341546
0.0175119	1.40002	0.316022
0.0288137	1.50834	0.241831
0.0394274	1.6257	0.223321
0.00451153	1.74005	0.232941
-0.0497695	1.85192	0.215028

0.171991	-1.99471	0.0172116
0.13429	-1.9118	0.0697946
0.128876	-1.83654	0.0822133
0.112159	-1.75383	0.137768
0.111298	-1.66116	0.223064
0.125556	-1.57687	0.196018
0.117295	-1.47791	0.23154
0.118237	-1.3788	0.30837
0.0960121	-1.29071	0.328421
0.0877195	-1.19955	0.325355
0.0754255	-1.10375	0.309455
0.0752488	-1.00256	0.292507
0.0907695	-0.89945	0.226972
0.0914593	-0.785847	0.212257
0.0973309	-0.694644	0.165491
0.107563	-0.59421	0.116516
0.0974399	-0.486052	0.0717199
0.0924802	-0.381838	0.0330868
0.108586	-0.28073	0.0296891
0.116216	-0.192212	0.0236851
0.113435	-0.0995468	0.0155915
0.135169	-0.00422455	0.00979377
0.132157	0.107426	0.00413738
0.130514	0.208936	-0.00225411
0.109718	0.313906	-0.00229274
0.0966686	0.409031	-0.0015487
0.0963119	0.504839	0.00686842
0.101477	0.603235	0.0368253
0.104913	0.692119	0.0719059
0.107421	0.79209	0.0995422
0.102007	0.897774	0.179906
0.0904299	1.00132	0.218197
0.0839289	1.10503	0.304532
0.086111	1.19561	0.403056
0.0969175	1.27777	0.390478
0.105405	1.37234	0.369307
0.124285	1.48116	0.279229
0.132064	1.60839	0.257107
0.113658	1.72328	0.224571
0.0722643	1.83969	0.186782

0.270293	-1.99631	0.0109339
0.238572	-1.90786	0.0883692
0.235187	-1.83827	0.0921987
0.224751	-1.75105	0.233276
0.209873	-1.67395	0.276283
0.226662	-1.59492	0.231043
0.219338	-1.49005	0.218964
0.212276	-1.38331	0.330834
0.198461	-1.29446	0.323923
0.197343	-1.20083	0.294374
0.190209	-1.09676	0.32399
0.191682	-0.998034	0.290366
0.213297	-0.893969	0.24282
0.194186	-0.784705	0.221218
0.206899	-0.696063	0.167557
0.224009	-0.592754	0.113113
0.216623	-0.477778	0.0659893
0.221458	-0.36462	0.0352919
0.215221	-0.266889	0.0307211
0.216433	-0.180046	0.022475
0.211833	-0.0879807	0.0134712
0.235212	0.00653007	0.0186799
0.225187	0.0985463	0.0137004
0.226763	0.190747	0.000640068
0.212851	0.289966	-0.00805826
0.207137	0.388974	-0.00949275
0.199442	0.493871	-0.000703838
0.192235	0.595223	0.0217291
0.201482	0.688397	0.0905206
0.205207	0.784494	0.160569
0.198241	0.879023	0.207971
0.196685	0.981413	0.206987
0.182258	1.09822	0.26183
0.166778	1.20343	0.346616
0.178997	1.29467	0.324445
0.193477	1.39136	0.365715
0.220518	1.48817	0.290886
0.223143	1.60466	0.256891
0.22139	1.71777	0.19994
0.200918	1.84366	0.156895

0.374432	-1.99776	0.00600242
0.337801	-1.90902	0.0708605
0.338712	-1.83918	0.0704708
0.314406	-1.75197	0.193242
0.301191	-1.67147	0.222599
0.321503	-1.58325	0.182069
0.32457	-1.47418	0.158415
0.301466	-1.36209	0.306819
0.298941	-1.27847	0.288461
0.306796	-1.18639	0.24555
0.298401	-1.08149	0.266234
0.299822	-0.98184	0.289695
0.315319	-0.88742	0.249367
0.290113	-0.785294	0.215106
0.309219	-0.692176	0.156231
0.333061	-0.582268	0.099302
0.336296	-0.461807	0.0537926
0.338481	-0.345416	0.0287003
0.318458	-0.246796	0.0242546
0.313013	-0.154556	0.0202771
0.31448	-0.0762032	0.0135791
0.319825	0.00947	0.0113968
0.313968	0.0973904	0.0109955
0.318714	0.184061	0.00815115
0.315447	0.277033	-0.00110214
0.322225	0.374894	-0.0135272
0.307625	0.471255	-0.0127821
0.290107	0.569949	0.0188893
0.286146	0.659778	0.0909807
0.285728	0.750277	0.171704
0.28616	0.846371	0.197805
0.298472	0.960169	0.180689
0.286186	1.09012	0.278677
0.267261	1.19768	0.324726
0.282303	1.2948	0.286382
0.282075	1.39571	0.350482
0.30845	1.48901	0.321799
0.311969	1.59522	0.274075
0.325745	1.70612	0.200359
0.316206	1.83268	0.173332

0.481246	-1.99236	0.00377441
0.439675	-1.91591	0.0459119
0.442605	-1.84606	0.0452255
0.411525	-1.75239	0.168694
0.406075	-1.67127	0.180635
0.426811	-1.57734	0.144563
0.438907	-1.4653	0.112439
0.40396	-1.34859	0.277169
0.409263	-1.26393	0.252989
0.422654	-1.17107	0.20378
0.414084	-1.0642	0.24715
0.401739	-0.964766	0.295292
0.41126	-0.879762	0.25427
0.388484	-0.779147	0.2554
0.409942	-0.694558	0.196258
0.438802	-0.587284	0.172659
0.453935	-0.480936	0.11831
0.453741	-0.365961	0.050121
0.433935	-0.277871	0.0279491
0.412144	-0.180256	0.016099
0.417409	-0.0896917	0.00915301
0.404128	0.0122682	0.00604836
0.402228	0.109881	0.00353111
0.408059	0.193868	0.0027822
0.404512	0.280598	-0.00324947
0.412155	0.378655	-0.0131446
0.396535	0.479752	-0.0131217
0.373071	0.584645	0.0154132
0.361914	0.679265	0.0747891
0.359043	0.773799	0.1464
0.377024	0.874746	0.186515
0.40354	0.982805	0.163813
0.386053	1.1066	0.274422
0.375019	1.20695	0.285802
0.39755	1.30822	0.273336
0.38159	1.40524	0.351182
0.398238	1.4938	0.32275
0.407523	1.59574	0.260829
0.430267	1.70445	0.212348
0.429352	1.84186	0.168011

0.571456	-1.99342	0.00221812
0.534737	-1.91322	0.0285296
0.541927	-1.83536	0.0273256
0.508762	-1.74062	0.118724
0.518754	-1.6576	0.154922
0.542415	-1.56243	0.179302
0.556914	-1.46582	0.143751
0.520876	-1.35595	0.276208
0.527775	-1.26315	0.319717
0.539711	-1.17733	0.307257
0.529553	-1.08214	0.298512
0.508374	-0.977891	0.323481
0.51345	-0.887838	0.262972
0.487341	-0.782901	0.295365
0.507938	-0.700395	0.235048
0.520113	-0.59844	0.235433
0.540097	-0.506	0.177711
0.528919	-0.393016	0.0953678
0.524575	-0.294278	0.0530356
0.506477	-0.183116	0.0260434
0.523693	-0.074807	0.0129431
0.504462	0.0305918	-0.00133089
0.500207	0.111949	-0.00260952
0.499752	0.182642	0.0026445
0.498745	0.263186	0.0141151
0.510005	0.36178	0.0309371
0.500906	0.468711	0.0277668
0.479341	0.582485	0.10188
0.466137	0.67966	0.184145
0.462964	0.768476	0.213069
0.476126	0.874892	0.24372
0.505691	0.978813	0.199319
0.485556	1.10332	0.25087
0.492981	1.20676	0.316119
0.510889	1.30341	0.294948
0.491662	1.4041	0.361546
0.500194	1.49318	0.319109
0.514498	1.59734	0.242979
0.530027	1.70721	0.237238
0.517909	1.83165	0.181492

0.668151	-1.99518	0.00134464
0.643829	-1.91018	0.0166678
0.650228	-1.8454	0.0158458
0.624795	-1.76191	0.127179
0.624752	-1.68224	0.184364
0.634374	-1.59079	0.202719
0.65265	-1.4889	0.213263
0.628369	-1.38577	0.334826
0.62354	-1.29613	0.350288
0.628578	-1.20474	0.357055
0.625596	-1.10594	0.315583
0.603441	-0.992996	0.338558
0.612757	-0.889255	0.296737
0.584279	-0.79033	0.304789
0.609057	-0.703968	0.303071
0.602346	-0.611939	0.283364
0.622941	-0.517978	0.229586
0.606997	-0.413142	0.147644
0.614901	-0.318275	0.112318
0.60925	-0.209813	0.0705508
0.629581	-0.0937064	0.0592128
0.599751	0.0111228	0.0316082
0.589124	0.0949182	0.028607
0.587672	0.170487	0.0367007
0.589956	0.256252	0.042628
0.602022	0.361828	0.0545682
0.60598	0.478304	0.0452118
0.582126	0.599907	0.107805
0.568557	0.707167	0.204836
0.57269	0.792686	0.209374
0.577111	0.894808	0.221378
0.612151	1.00163	0.213163
0.596063	1.11696	0.264208
0.598149	1.21342	0.30607
0.611976	1.30659	0.313771
0.596733	1.40613	0.387316
0.606444	1.48779	0.362478
0.626284	1.58223	0.280827
0.621342	1.69545	0.270263
0.604507	1.81588	0.210767

0.773393	-1.99707	0.000766624
0.731598	-1.90723	0.010288
0.739643	-1.83546	0.00957727
0.710517	-1.75257	0.126034
0.706323	-1.67432	0.172437
0.716822	-1.5842	0.180644
0.733752	-1.48163	0.18822
0.707196	-1.37778	0.278749
0.702551	-1.28295	0.286053
0.705285	-1.18643	0.295174
0.714146	-1.08515	0.24814
0.69484	-0.973223	0.26598
0.704497	-0.869085	0.234605
0.680016	-0.774935	0.266828
0.688938	-0.69551	0.335165
0.679883	-0.618452	0.309483
0.698284	-0.528833	0.252196
0.686179	-0.420181	0.166274
0.699979	-0.31391	0.119985
0.710848	-0.197423	0.0724775
0.715837	-0.0724858	0.111979
0.681634	0.0180285	0.0727852
0.669067	0.098862	0.0585535
0.669538	0.18094	0.057138
0.681438	0.274474	0.0551894
0.703126	0.388388	0.105703
0.722124	0.494126	0.129229
0.699627	0.604213	0.182761
0.677099	0.704055	0.295641
0.689212	0.777751	0.350147
0.687493	0.858533	0.354872
0.70989	0.956088	0.354206
0.698374	1.06376	0.362017
0.697521	1.16981	0.340017
0.705811	1.28022	0.308823
0.68894	1.39697	0.338338
0.699031	1.49698	0.303222
0.724201	1.60172	0.224346
0.709602	1.71575	0.21693
0.694158	1.82913	0.172813

0.883604	-1.99735	0.007421
0.834671	-1.9107	0.0111095
0.841846	-1.83427	0.00939237
0.806409	-1.74533	0.123157
0.802272	-1.66597	0.205244
0.814131	-1.58655	0.202419
0.828165	-1.49001	0.191761
0.804386	-1.38418	0.263138
0.802861	-1.28541	0.247815
0.804757	-1.17979	0.27499
0.821761	-1.07905	0.222626
0.808486	-0.966926	0.214492
0.814919	-0.858851	0.180551
0.788603	-0.757609	0.243115
0.773128	-0.679059	0.306899
0.76586	-0.601578	0.301538
0.786423	-0.514082	0.26993
0.783787	-0.417917	0.194367
0.800511	-0.311796	0.139154
0.823413	-0.192203	0.158064
0.805358	-0.0861172	0.200983
0.781864	-0.00319446	0.154285
0.768532	0.0850781	0.160858
0.770119	0.169495	0.182317
0.789579	0.25582	0.210927
0.80244	0.354169	0.212367
0.814997	0.463114	0.224151
0.80139	0.57863	0.224461
0.772319	0.694711	0.287886
0.77073	0.781247	0.349863
0.771156	0.858977	0.376477
0.785047	0.949256	0.362462
0.781914	1.05397	0.343227
0.794857	1.17221	0.324229
0.806647	1.28454	0.278355
0.795177	1.40189	0.275452
0.804987	1.50822	0.273051
0.828441	1.6113	0.205694
0.814267	1.72147	0.185517
0.802946	1.83295	0.122472

0.982245	-1.99825	0.006547
0.942304	-1.90517	0.00028674
0.950196	-1.83032	-0.00189257
0.911591	-1.74629	0.0849891
0.897703	-1.66235	0.161119
0.9093	-1.58253	0.175112
0.922454	-1.49276	0.18667
0.906846	-1.39346	0.256286
0.917244	-1.29528	0.267101
0.916702	-1.19075	0.269175
0.935679	-1.08226	0.25035
0.933167	-0.972387	0.212427
0.937077	-0.860754	0.162277
0.906732	-0.751237	0.195705
0.878558	-0.664022	0.279492
0.869705	-0.581419	0.304513
0.881715	-0.498451	0.272056
0.888315	-0.406189	0.233852
0.908414	-0.303722	0.172255
0.918349	-0.181282	0.21752
0.888712	-0.0825438	0.233574
0.877504	-0.000391754	0.21444
0.858834	0.0872548	0.199216
0.853511	0.177809	0.198324
0.86902	0.270016	0.24161
0.885718	0.364842	0.224772
0.897413	0.47192	0.220973
0.897342	0.589069	0.244877
0.873531	0.698561	0.347245
0.858676	0.781719	0.43003
0.855658	0.852721	0.425097
0.868616	0.942754	0.378652
0.874019	1.05615	0.357703
0.886417	1.1806	0.339725
0.90773	1.2841	0.303106
0.90987	1.39124	0.262314
0.912055	1.50259	0.240671
0.934093	1.61447	0.171663
0.928535	1.7317	0.136799
0.907239	1.84521	0.0847495

1.0795	-1.99851	0.00154518
1.04821	-1.91062	-0.00443386
1.04866	-1.83234	-0.00550066
1.01945	-1.7442	0.0502973
1.00386	-1.65255	0.10907
1.00857	-1.56421	0.156559
1.01954	-1.47686	0.212602
1.00446	-1.39148	0.274008
1.01627	-1.3027	0.270634
1.01901	-1.19923	0.245658
1.03555	-1.08525	0.265801
1.04092	-0.976581	0.263059
1.05146	-0.872176	0.295618
1.03183	-0.774364	0.276013
1.00419	-0.677196	0.326443
0.988102	-0.586681	0.314199
0.988977	-0.492653	0.29213
0.996001	-0.398264	0.248585
1.0179	-0.293602	0.178594
1.01055	-0.171916	0.200576
0.982814	-0.0668033	0.23156
0.977901	0.0159615	0.249708
0.960718	0.0979502	0.220625
0.956762	0.190103	0.267027
0.959641	0.274865	0.279902
0.980026	0.368154	0.239279
0.993256	0.479249	0.208011
0.997728	0.602172	0.209527
0.974191	0.713938	0.324495
0.947679	0.797995	0.394669
0.946937	0.874227	0.405075
0.965503	0.963853	0.347643
0.97838	1.07762	0.347973
0.986031	1.19794	0.367075
1.00402	1.28686	0.322853
1.01491	1.38707	0.285851
1.01804	1.49537	0.239911
1.03978	1.61016	0.176162
1.04393	1.72316	0.120102
1.01964	1.83938	0.0669163

1.17404	-1.99899	0.000124536
1.15185	-1.9084	-0.00504724
1.14965	-1.82214	-0.00554889
1.135	-1.73877	0.0230408
1.12463	-1.64764	0.0584449
1.11689	-1.55237	0.134814
1.11307	-1.46704	0.202821
1.09995	-1.39038	0.239443
1.11139	-1.30317	0.226633
1.12813	-1.19932	0.267883
1.13244	-1.09524	0.280076
1.13758	-0.99656	0.32684
1.14076	-0.904142	0.364659
1.1344	-0.810833	0.316117
1.11163	-0.699589	0.314613
1.1002	-0.592158	0.274002
1.10171	-0.484004	0.285606
1.10777	-0.384235	0.323283
1.12686	-0.296107	0.25868
1.11445	-0.186409	0.23316
1.08867	-0.0796133	0.262338
1.08003	0.0114348	0.258168
1.07189	0.103824	0.2109
1.06943	0.20638	0.382345
1.06871	0.27567	0.367577
1.08759	0.361068	0.33127
1.09792	0.466849	0.293707
1.10544	0.581191	0.247001
1.08087	0.696406	0.324392
1.05641	0.794906	0.375761
1.05846	0.885438	0.388855
1.07563	0.979516	0.395165
1.08475	1.0753	0.427322
1.0763	1.18179	0.432227
1.09189	1.26637	0.385172
1.10475	1.36676	0.333852
1.11857	1.4783	0.271851
1.13464	1.59106	0.192981
1.14215	1.69844	0.125046
1.12134	1.81931	0.0684517

1.27528	-1.99939	-0.000519899
1.25816	-1.90987	0.000245122
1.24647	-1.83474	0.0052738
1.24411	-1.76236	0.014707
1.23908	-1.67605	0.0214232
1.22083	-1.57948	0.0804643
1.20005	-1.48491	0.179251
1.19252	-1.40499	0.203507
1.20422	-1.31365	0.216984
1.21426	-1.21109	0.24804
1.21786	-1.10361	0.244269
1.2144	-0.99919	0.34715
1.21591	-0.91282	0.392702
1.22265	-0.827392	0.336091
1.21389	-0.716667	0.296707
1.21439	-0.597866	0.230839
1.20651	-0.473744	0.276829
1.19921	-0.377977	0.34434
1.21871	-0.293395	0.322582
1.21821	-0.196612	0.308296
1.19651	-0.093464	0.292447
1.18628	0.00686954	0.290005
1.18713	0.104133	0.265184
1.15619	0.206183	0.414422
1.16084	0.275551	0.377875
1.17706	0.365453	0.324701
1.18894	0.476921	0.269568
1.20677	0.596458	0.205215
1.18122	0.718489	0.2843
1.16578	0.816342	0.311473
1.1646	0.907545	0.317976
1.17268	1.00234	0.329505
1.17266	1.09803	0.361637
1.16336	1.19602	0.385039
1.17607	1.27888	0.360637
1.19343	1.3685	0.322387
1.207	1.4627	0.27384
1.21625	1.55544	0.203043
1.22808	1.65372	0.136407
1.22118	1.7831	0.0792855

1.38171	-1.99968	-0.000567915
1.35034	-1.91037	0.000311011
1.32998	-1.83663	0.00546345
1.33142	-1.76396	0.0118551
1.32883	-1.68141	0.0101899
1.31762	-1.58456	0.0487213
1.2858	-1.4824	0.133861
1.28738	-1.39142	0.147478
1.30075	-1.29332	0.18233
1.30594	-1.19385	0.238535
1.31449	-1.09601	0.224353
1.29259	-0.994726	0.339145
1.28788	-0.910833	0.363442
1.30694	-0.820868	0.331712
1.31627	-0.714384	0.311019
1.33377	-0.606256	0.280885
1.31817	-0.492444	0.29072
1.29597	-0.390189	0.32088
1.30632	-0.293443	0.32382
1.30938	-0.200468	0.332902
1.30171	-0.104894	0.296865
1.29824	-0.00405426	0.310327
1.29889	0.0993452	0.34645
1.25093	0.196871	0.422628
1.26191	0.274737	0.364905
1.27671	0.375978	0.337218
1.29063	0.485972	0.269612
1.31575	0.604803	0.192001
1.2849	0.730727	0.263183
1.2766	0.830308	0.291718
1.27638	0.919095	0.279003
1.27903	1.01446	0.274954
1.27514	1.1145	0.285848
1.26287	1.21073	0.329706
1.26958	1.29435	0.310177
1.27576	1.38408	0.276344
1.28013	1.47682	0.233448
1.28761	1.57361	0.170259
1.30749	1.67134	0.11067
1.31146	1.7968	0.0526991

1.48928	-1.99986	-0.000369543
1.44589	-1.90769	0.000499291
1.42774	-1.82966	0.00894113
1.42075	-1.75721	0.0119644
1.41952	-1.6714	0.00294279
1.42055	-1.57686	0.019681
1.39175	-1.48364	0.0745938
1.40145	-1.39505	0.0814121
1.40022	-1.29266	0.169567
1.39708	-1.19996	0.228901
1.4103	-1.10879	0.209571
1.37916	-1.00182	0.316919
1.37547	-0.911813	0.317491
1.39417	-0.812247	0.321674
1.40921	-0.707917	0.29373
1.42642	-0.600529	0.258993
1.41668	-0.486325	0.243316
1.40017	-0.376093	0.329165
1.3997	-0.284442	0.326114
1.39785	-0.197796	0.35022
1.39783	-0.112111	0.341168
1.39225	-0.0199868	0.363941
1.38646	0.0818045	0.371528
1.34929	0.184052	0.411895
1.36857	0.272319	0.33908
1.37946	0.383403	0.299475
1.39912	0.501729	0.265353
1.42529	0.619486	0.226422
1.39289	0.735731	0.284998
1.39045	0.827208	0.311239
1.3924	0.911928	0.335884
1.39625	0.991961	0.341309
1.39982	1.07617	0.335635
1.38311	1.1652	0.328625
1.38336	1.26154	0.284901
1.37755	1.37301	0.227191
1.37339	1.47876	0.181659
1.37575	1.58667	0.125217
1.40083	1.69242	0.076926
1.40325	1.82515	0.031409

1.59201	-1.99885	-0.00772543
1.5528	-1.91934	-0.00583255
1.53244	-1.841	0.00249556
1.52121	-1.75924	0.00631447
1.51612	-1.66335	-0.000538361
1.51587	-1.56293	0.00543636
1.49682	-1.48561	0.0353649
1.51459	-1.39962	0.0380546
1.49649	-1.30044	0.117396
1.48892	-1.2075	0.172549
1.49974	-1.10749	0.222816
1.47291	-1.01566	0.288315
1.47733	-0.925452	0.270835
1.49139	-0.819899	0.289627
1.50898	-0.712305	0.255174
1.52422	-0.599551	0.217473
1.52463	-0.480782	0.184444
1.50445	-0.363152	0.255683
1.49897	-0.26904	0.288792
1.49234	-0.187402	0.340408
1.49137	-0.108617	0.357898
1.48556	-0.0195973	0.386118
1.48208	0.0755737	0.366846
1.45767	0.180663	0.361077
1.4839	0.284654	0.308475
1.49334	0.397381	0.292321
1.51291	0.509801	0.314236
1.52895	0.611128	0.272979
1.49931	0.719771	0.315242
1.48837	0.814292	0.336764
1.48335	0.90081	0.33555
1.48279	0.98626	0.318631
1.48339	1.07873	0.294166
1.47757	1.17624	0.265934
1.48599	1.28182	0.202664
1.48239	1.39228	0.1472
1.48111	1.49618	0.109416
1.4833	1.60237	0.0759882
1.50529	1.70312	0.0528952
1.49733	1.82039	0.0252042

1.67819	-1.99898	-0.00693929
1.64981	-1.91917	-0.0106309
1.63641	-1.84224	-0.00458624
1.63014	-1.75657	-0.000305434
1.62979	-1.66282	-0.0107015
1.61205	-1.57631	-0.00779308
1.60019	-1.4982	0.00825748
1.6152	-1.40211	0.0128896
1.59331	-1.30358	0.0658046
1.58316	-1.21228	0.106719
1.57883	-1.10839	0.166831
1.56522	-1.01254	0.210422
1.58256	-0.910622	0.189619
1.59635	-0.799199	0.281324
1.61411	-0.71033	0.252827
1.6254	-0.611613	0.236256
1.63452	-0.503613	0.186425
1.61907	-0.381899	0.207752
1.60747	-0.272437	0.223982
1.59069	-0.175757	0.266195
1.58543	-0.0875091	0.35884
1.57913	-0.0079112	0.394559
1.58207	0.0760525	0.355837
1.57644	0.1782	0.33654
1.60209	0.290062	0.309808
1.60754	0.40157	0.278759
1.6115	0.515138	0.286716
1.62124	0.617617	0.240167
1.592	0.728859	0.302229
1.57699	0.815041	0.311316
1.57436	0.900097	0.295568
1.57727	0.991635	0.266611
1.57951	1.0873	0.234198
1.58867	1.19391	0.187672
1.59902	1.29844	0.130067
1.60238	1.40631	0.0705653
1.59655	1.50495	0.0541208
1.5971	1.59698	0.0395404
1.60675	1.695	0.0324956
1.60392	1.82826	0.0080638

1.77157	-1.99924	-0.00512596
1.74863	-1.9175	-0.012369
1.74275	-1.84174	-0.00849131
1.74389	-1.75387	-0.00463558
1.72763	-1.65737	-0.0111992
1.70063	-1.5658	-0.0088762
1.69916	-1.47938	-0.000335509
1.70636	-1.37934	0.00415379
1.68678	-1.28141	0.0387152
1.68109	-1.18686	0.0673719
1.67135	-1.0825	0.120331
1.67356	-0.984721	0.141801
1.70085	-0.878898	0.119549
1.68385	-0.770694	0.235352
1.70385	-0.687596	0.209901
1.71828	-0.59034	0.23896
1.73722	-0.498254	0.193175
1.733	-0.385972	0.204004
1.72519	-0.282439	0.194508
1.70907	-0.179412	0.204787
1.68527	-0.0810952	0.309042
1.676	0.00248272	0.364798
1.68657	0.0834223	0.319137
1.6911	0.184098	0.283395
1.70672	0.302259	0.28433
1.71328	0.409625	0.245889
1.7079	0.519246	0.256997
1.71583	0.619941	0.240534
1.69231	0.719128	0.286736
1.68031	0.79136	0.279786
1.6832	0.875451	0.24754
1.68444	0.979921	0.207795
1.69318	1.09386	0.165786
1.70481	1.20243	0.116228
1.71582	1.30391	0.0774834
1.71488	1.40355	0.0378035
1.69866	1.50363	0.0292939
1.69773	1.59996	0.0206498
1.70395	1.69997	0.0189024
1.67724	1.82562	0.00736858

1.87907	-1.9951	-0.0072032
1.84548	-1.91546	-0.0169566
1.84577	-1.8568	-0.0141185
1.85225	-1.77556	-0.0109743
1.83516	-1.68479	-0.00911239
1.81604	-1.59842	-0.00610588
1.82333	-1.50721	-0.00388517
1.83787	-1.41212	-0.000510995
1.82185	-1.32746	0.0141327
1.82229	-1.2321	0.0247222
1.80696	-1.11949	0.0600704
1.8091	-1.00502	0.0678887
1.82474	-0.882736	0.0713959
1.79732	-0.772283	0.148185
1.81483	-0.688684	0.135053
1.82291	-0.596372	0.160882
1.83976	-0.51004	0.135361
1.83888	-0.395399	0.169798
1.85928	-0.298273	0.193108
1.85282	-0.226297	0.203185
1.81626	-0.136577	0.258872
1.79121	-0.0373645	0.292888
1.79818	0.0685624	0.269792
1.81404	0.182175	0.234742
1.8154	0.295446	0.2454
1.82245	0.395943	0.207146
1.81509	0.506724	0.199125
1.81526	0.611536	0.186536
1.77634	0.716793	0.224765
1.77439	0.797667	0.208869
1.7889	0.891599	0.173195
1.80932	1.00733	0.111196
1.82629	1.09212	0.0693842
1.83075	1.16223	0.0501142
1.8398	1.24524	0.0420595
1.83788	1.34653	0.0294263
1.82984	1.4623	0.0187105
1.81999	1.5641	0.0156576
1.81895	1.65762	0.0133402
1.76304	1.79399	-2.15454e-05

