-2	-2	0
-1.99574	-1.89973	0.00172607
-1.99742	-1.8059	0.00104691
-1.99942	-1.70267	0.000233598
-1.99995	-1.60033	1.91749e-05
-1.99831	-1.4997	-0.00618168
-1.99894	-1.41163	-0.00388592
-1.99976	-1.30536	-0.000903442
-1.99809	-1.20536	0.000100641
-1.99885	-1.10894	0.000104463
-1.99974	-1.00334	2.37908e-05
-1.99764	-0.902909	0.000823833
-1.99644	-0.805644	-0.00887292
-1.99832	-0.707778	-0.0058584
-1.99967	-0.602782	-0.00133967
-1.99997	-0.500324	-0.00011056
-2	-0.400013	-3.34401e-06
-2	-0.3	-3.71701e-08
-2	-0.2	-1.51938e-10
-2	-0.1	-2.28448e-13
-2	-9.86834e-16	-1.26354e-16
-1.9976	0.103184	0.0189747
-1.99854	0.195866	0.0115087
-1.99886	0.294672	-0.00573848
-1.99946	0.391666	-0.00468434
-1.99615	0.495534	-0.00309042
-1.9977	0.59277	-0.0013218
-1.99949	0.6971	-0.000277991
-1.99718	0.798891	-0.00240574
-1.99831	0.893459	-0.00144767
-1.99962	0.99719	-0.000322885
-1.99714	1.09864	0.00311013
-1.9981	1.18784	-0.00179308
-1.99435	1.28996	0.00903687
-1.99648	1.38037	0.00702022
-1.99918	1.49178	0.0017814
-1.99993	1.599	0.000151244
-2	1.69996	4.59691e-06
-1.99487	1.80474	0.00489688
-1.99689	1.89681	0.00297008

-1.9	-2	0
-1.90348	-1.89984	0.00104691
-1.90211	-1.80358	0.000634984
-1.89734	-1.70616	-0.00674381
-1.89692	-1.60718	-0.0125283
-1.90925	-1.50769	-0.00945725
-1.90631	-1.40993	-0.00359199
-1.90147	-1.30359	-0.000648732
-1.90503	-1.20326	5.81553e-05
-1.90677	-1.10983	-0.00832689
-1.89888	-1.00818	-0.00210633
-1.89981	-0.911611	-0.00287462
-1.90479	-0.813504	-0.00724205
-1.90299	-0.708102	-0.00401418
-1.90065	-0.602067	-0.000853688
-1.90005	-0.500211	-6.83348e-05
-1.89966	-0.400528	0.0231042
-1.89789	-0.303582	0.0388635
-1.89685	-0.202241	0.0684303
-1.9001	-0.109262	0.0559746
-1.89825	-0.00655085	0.0495161
-1.90301	0.094395	0.032546
-1.9061	0.195797	0.0299189
-1.90903	0.286368	0.0366295
-1.9034	0.380169	0.0504673
-1.90982	0.487334	0.0141191
-1.90599	0.580826	0.00113035
-1.90141	0.692441	-0.000333936
-1.9015	0.798982	-1.12567e-05
-1.9008	0.890377	4.395e-05
-1.89843	0.998282	0.00340367
-1.90323	1.09168	-0.0113876
-1.9081	1.1775	-0.00939131
-1.91646	1.29067	0.00313096
-1.90717	1.38626	0.00125279
-1.90165	1.48381	-0.00929011
-1.90042	1.58733	-0.00560565
-1.90339	1.69873	-0.000472638
-1.90486	1.79825	0.00330196
-1.90223	1.89578	0.00189792

-1.8	-2	0
-1.80069	-1.89691	-0.000695558
-1.8054	-1.80634	0.00424492
-1.80895	-1.70829	-0.00311429
-1.80891	-1.61314	-0.0103035
-1.80885	-1.51452	-0.00647149
-1.80386	-1.40664	-0.00173734
-1.80076	-1.3013	-0.000219016
-1.80155	-1.2011	-0.00588178
-1.80891	-1.11021	-0.00833769
-1.80783	-1.00882	-0.00713413
-1.80919	-0.914111	-0.00499802
-1.8067	-0.812583	0.00828695
-1.79819	-0.708207	0.0757485
-1.798	-0.614361	0.045237
-1.79948	-0.5056	0.0101909
-1.80581	-0.400963	0.0148091
-1.80821	-0.302155	0.0239782
-1.8116	-0.203734	0.08242
-1.81553	-0.117466	0.0867418
-1.81484	-0.0172992	0.0822181
-1.8094	0.0852538	0.0726126
-1.81143	0.189673	0.0413648
-1.81859	0.29216	0.0671373
-1.81437	0.384594	0.0563772
-1.82279	0.491891	0.0444366
-1.81257	0.584565	0.0200521
-1.80281	0.693559	0.00416183
-1.80662	0.799331	0.000952136
-1.80596	0.897328	-0.00951817
-1.80694	0.99431	-0.00395952
-1.81657	1.09273	-0.00872963
-1.80613	1.18391	-0.00533942
-1.81315	1.28365	-1.34915e-05
-1.81285	1.38396	-0.00637098
-1.81	1.4805	-0.00126623
-1.80019	1.57957	-0.00718648
-1.80147	1.68325	0.000737792
-1.80434	1.77998	-0.00343449
-1.80159	1.88082	0.00180791

-1.7	-2	0
-1.70546	-1.89812	-0.000551483
-1.71218	-1.80355	0.00250565
-1.71559	-1.70428	-0.000555472
-1.71601	-1.60406	-0.0099407
-1.70606	-1.5133	-0.00749668
-1.701	-1.41246	-0.00248988
-1.70004	-1.30375	-0.000377879
-1.70593	-1.20068	-0.00359531
-1.70674	-1.10459	-0.0032598
-1.71072	-1.00391	-0.0039275
-1.70799	-0.906181	-0.00238762
-1.70926	-0.805274	0.00597818
-1.71332	-0.704295	0.0475557
-1.70662	-0.60861	0.0279105
-1.70138	-0.503381	0.00620678
-1.70277	-0.400471	0.00362913
-1.70403	-0.30048	0.00546241
-1.71408	-0.203378	0.0862067
-1.71851	-0.115429	0.0726798
-1.72272	-0.0179022	0.146538
-1.71728	0.0765073	0.103209
-1.70967	0.187991	0.0347808
-1.71521	0.2969	0.0345003
-1.71043	0.394422	0.0228834
-1.71657	0.497574	0.0249926
-1.70643	0.592241	0.102224
-1.70061	0.684338	0.0942412
-1.70479	0.789272	0.0731564
-1.71045	0.891739	0.0229866
-1.70763	0.993961	0.00250466
-1.70792	1.09701	-0.00211125
-1.70696	1.19442	-0.0012716
-1.71251	1.29133	-0.000118872
-1.71488	1.39141	-0.00400948
-1.71413	1.49079	0.00195418
-1.71467	1.58974	-0.00283418
-1.71284	1.68928	0.000609321
-1.70825	1.7899	-0.00580046
-1.70858	1.87808	-0.00162253

-1.6	-2	0
-1.60318	-1.90024	-9.62453e-05
-1.60514	-1.8072	0.000530878
-1.6058	-1.70368	3.69064e-06
-1.61427	-1.59578	-0.00136103
-1.61039	-1.51056	-0.00347842
-1.60275	-1.41794	-0.000768586
-1.60253	-1.31384	0.00791496
-1.60404	-1.21074	0.00389034
-1.60229	-1.10426	0.000461784
-1.61467	-0.997489	0.0837891
-1.60585	-0.917782	0.0909946
-1.60627	-0.822387	0.114173
-1.61034	-0.72331	0.102172
-1.60509	-0.616512	0.042929
-1.60103	-0.504696	0.00808178
-1.59719	-0.409829	0.155397
-1.59835	-0.323113	0.0986026
-1.61033	-0.210458	0.0607188
-1.61014	-0.10714	0.0301411
-1.61924	-0.00563591	0.123516
-1.61357	0.0859399	0.133667
-1.60449	0.18561	0.118233
-1.60848	0.295754	0.156013
-1.60163	0.387739	0.183169
-1.60208	0.479353	0.147688
-1.61414	0.581342	0.161101
-1.61398	0.680297	0.100105
-1.61315	0.790022	0.0537729
-1.60399	0.890606	0.0700582
-1.60065	0.988998	0.0355512
-1.5997	1.09478	0.0390066
-1.60185	1.19174	0.0198712
-1.60807	1.29369	0.012742
-1.6076	1.39088	0.00458594
-1.60563	1.49524	0.0018351
-1.60437	1.59306	-0.00412783
-1.60104	1.68778	-0.00601357
-1.60914	1.78718	-0.0122834
-1.60912	1.8837	-0.00214106

-1.50432	-1.99998	0.00813929
-1.50773	-1.9102	0.00953072
-1.50314	-1.81669	0.0124766
-1.50075	-1.73465	0.00746439
-1.5101	-1.6118	0.00295325
-1.51338	-1.50295	0.0122255
-1.51242	-1.42182	0.00774185
-1.5142	-1.32186	0.0149737
-1.50753	-1.21357	0.0358182
-1.50393	-1.11262	0.043788
-1.52713	-1.0022	0.158537
-1.5209	-0.9258	0.119682
-1.5172	-0.822843	0.136658
-1.51222	-0.72612	0.142869
-1.50443	-0.621125	0.0654701
-1.50076	-0.506302	0.012924
-1.51437	-0.405849	0.159154
-1.50997	-0.318891	0.15811
-1.51215	-0.209989	0.166843
-1.50684	-0.11315	0.0814995
-1.51807	-0.00932026	0.168529
-1.51315	0.0805927	0.177288
-1.50917	0.178191	0.174849
-1.5178	0.286803	0.140713
-1.51822	0.389549	0.124045
-1.51343	0.486823	0.0919248
-1.51744	0.588846	0.0826167
-1.51129	0.690729	0.0417364
-1.50651	0.796336	0.0158991
-1.50605	0.894675	0.0803015
-1.50295	0.987505	0.0478826
-1.50599	1.09412	0.0299543
-1.50364	1.19507	0.0127938
-1.50974	1.29707	0.00784573
-1.50925	1.39272	0.00474246
-1.50846	1.4836	0.00664279
-1.50885	1.57879	0.000853859
-1.51358	1.68744	-0.00350929
-1.51832	1.79334	0.000381753
-1.52144	1.89146	0.0102566

-1.40869	-1.99999	0.00493673
-1.41273	-1.90643	0.00615797
-1.43078	-1.81001	0.00883055
-1.41769	-1.72159	0.00488331
-1.40901	-1.61187	-0.00328988
-1.41881	-1.50791	0.00523714
-1.41617	-1.41289	0.0172168
-1.41648	-1.3172	0.0151128
-1.41583	-1.21035	0.0508581
-1.41579	-1.10955	0.0820502
-1.43259	-1.00955	0.145849
-1.42013	-0.921763	0.0867719
-1.41488	-0.812354	0.0689582
-1.41625	-0.71394	0.126965
-1.40786	-0.617048	0.0680288
-1.40483	-0.505532	0.0812243
-1.41451	-0.407548	0.103472
-1.41508	-0.3096	0.0868191
-1.42153	-0.204107	0.0985473
-1.41098	-0.107296	0.0475013
-1.42056	-0.00573075	0.0889491
-1.41735	0.0892648	0.0897229
-1.41209	0.190968	0.145667
-1.41073	0.28792	0.0907001
-1.41336	0.395073	0.106453
-1.40902	0.497044	0.162143
-1.40404	0.59379	0.192332
-1.40042	0.690276	0.151876
-1.40035	0.793228	0.16039
-1.40874	0.886013	0.108543
-1.40526	0.98933	0.0374979
-1.40671	1.09462	0.049613
-1.40352	1.19131	0.0272478
-1.404	1.29635	0.00717728
-1.41332	1.39867	0.00902652
-1.42082	1.48605	0.00787266
-1.41277	1.58542	0.00240844
-1.4085	1.6942	-0.000550313
-1.41474	1.79841	0.00272128
-1.42424	1.898	0.0148712

-1.30329	-2	0.00110153
-1.30477	-1.90146	0.00141256
-1.315	-1.80244	0.00231151
-1.30837	-1.70508	0.00118424
-1.31034	-1.60392	-0.00174823
-1.31149	-1.51058	0.000506285
-1.30912	-1.40316	0.0765334
-1.31051	-1.31744	0.126235
-1.31697	-1.2195	0.114316
-1.31882	-1.11522	0.0743092
-1.31872	-1.01146	0.121453
-1.30867	-0.916119	0.0675691
-1.30477	-0.806698	0.0244999
-1.31318	-0.699456	0.231984
-1.30759	-0.619957	0.14706
-1.30969	-0.509118	0.0741518
-1.31474	-0.412025	0.157601
-1.30989	-0.318362	0.199244
-1.31154	-0.221448	0.167762
-1.3063	-0.115642	0.0694938
-1.30787	-0.00515289	0.0300013
-1.30683	0.0955562	0.0873197
-1.30992	0.191735	0.0962968
-1.30576	0.300093	0.155334
-1.30822	0.397074	0.220469
-1.31477	0.488661	0.22207
-1.3195	0.585922	0.218609
-1.3177	0.684355	0.18278
-1.32173	0.782135	0.182977
-1.31423	0.879813	0.0942519
-1.30882	0.995687	0.071278
-1.31387	1.0862	0.142913
-1.31043	1.1756	0.120344
-1.304	1.28447	0.0461527
-1.31193	1.39691	0.0121831
-1.3127	1.49459	0.00402072
-1.30549	1.5958	0.00100379
-1.30618	1.6947	0.00564966
-1.30846	1.79583	0.00876072
-1.32551	1.89577	0.0186826

-1.20038	-2	9.04193e-05
-1.2031	-1.89747	-0.00492683
-1.2034	-1.80464	-0.00285905
-1.20139	-1.70276	-0.00058263
-1.21017	-1.6009	-0.000278913
-1.20678	-1.50476	-1.55991e-05
-1.21434	-1.40028	0.0463774
-1.22162	-1.30869	0.0805928
-1.22477	-1.20875	0.115699
-1.21489	-1.11234	0.063836
-1.20787	-1.01201	0.116038
-1.2031	-0.915602	0.0655226
-1.20269	-0.807993	0.082151
-1.22271	-0.701539	0.222997
-1.21385	-0.615791	0.129463
-1.20628	-0.507244	0.0382181
-1.21887	-0.406534	0.0859574
-1.22182	-0.310232	0.118943
-1.21533	-0.208635	0.143848
-1.2058	-0.111745	0.0695625
-1.2046	-0.00383172	0.0804063
-1.20893	0.0927138	0.082244
-1.21066	0.196056	0.102707
-1.21604	0.297003	0.118816
-1.22374	0.393172	0.191447
-1.21879	0.485461	0.196723
-1.21707	0.578421	0.231452
-1.22054	0.674808	0.200921
-1.2259	0.776695	0.187187
-1.21355	0.879798	0.0870799
-1.21191	0.99561	0.047794
-1.21859	1.09428	0.142454
-1.21404	1.1819	0.201713
-1.20525	1.27742	0.102902
-1.20393	1.39302	0.100479
-1.20278	1.48632	0.0530278
-1.19695	1.59058	0.0633243
-1.20671	1.68332	0.0354682
-1.21245	1.79219	0.0119563
-1.23837	1.89666	0.0102746

-1.10001	-2	2.73043e-06
-1.10765	-1.8984	-0.0030539
-1.10364	-1.79864	0.0010269
-1.09826	-1.70543	-0.00194399
-1.10174	-1.6085	-0.00165784
-1.10167	-1.50393	-0.000408508
-1.10572	-1.40031	0.0105146
-1.10911	-1.30189	0.0190691
-1.11593	-1.20565	0.101119
-1.10844	-1.11314	0.0600418
-1.1084	-1.0086	0.0592676
-1.10411	-0.911455	0.0964958
-1.10799	-0.812057	0.0871052
-1.11806	-0.702391	0.166366
-1.11013	-0.610876	0.0917719
-1.10311	-0.501636	0.0871348
-1.10747	-0.404276	0.110963
-1.10913	-0.309654	0.0688168
-1.11624	-0.202264	0.119035
-1.10861	-0.109447	0.0655967
-1.10962	-0.00391851	0.0538591
-1.11022	0.0911241	0.104231
-1.11286	0.19088	0.0903254
-1.11136	0.294526	0.0509078
-1.11811	0.395981	0.0761029
-1.11693	0.493442	0.083827
-1.11594	0.587118	0.166222
-1.12061	0.676264	0.18205
-1.12099	0.777521	0.184111
-1.10919	0.882152	0.0862187
-1.10058	0.995093	0.0804479
-1.10984	1.09372	0.0925793
-1.12412	1.19265	0.208404
-1.11338	1.27948	0.164042
-1.11212	1.38257	0.155367
-1.10662	1.48051	0.0754802
-1.11252	1.58602	0.0838225
-1.11057	1.68137	0.0449833
-1.10878	1.7917	0.00327313
-1.11662	1.89341	0.00356144

-1.0004	-1.99869	0.00120049
-1.00452	-1.90437	-0.00417757
-1.00838	-1.81134	-0.00114661
-1.00834	-1.70821	-0.00161071
-1.00186	-1.60169	0.0502866
-1.00243	-1.50108	0.068279
-1.00808	-1.4081	0.132196
-1.01009	-1.31775	0.112743
-1.01326	-1.21637	0.0827582
-1.01004	-1.11072	0.100419
-1.00617	-1.01043	0.0573196
-1.00979	-0.903418	0.126147
-1.00803	-0.810048	0.0797945
-1.01303	-0.703211	0.0755371
-1.00682	-0.60449	0.0364514
-1.00784	-0.499972	0.0486706
-1.01075	-0.401981	0.0598108
-1.00571	-0.304772	0.028429
-1.01327	-0.200756	0.0515423
-1.00747	-0.104073	0.0285256
-1.00473	-0.00182265	0.0151775
-1.00998	0.0960493	0.0507889
-1.00846	0.194562	0.0367509
-0.999922	0.301481	0.160779
-1.00206	0.384159	0.106945
-1.00126	0.494416	0.0880343
-1.00945	0.590072	0.147332
-1.01359	0.681735	0.181322
-1.01587	0.785462	0.178788
-1.00377	0.884722	0.197081
-0.99906	0.98246	0.182064
-1.00218	1.08455	0.0895292
-1.02951	1.1973	0.192845
-1.02317	1.28208	0.141819
-1.01873	1.38765	0.167846
-1.00525	1.47581	0.140248
-1.00821	1.57602	0.113908
-1.00585	1.67996	0.0492966
-1.01476	1.79273	0.00533286
-1.01571	1.89552	0.00121233

-0.90631	-1.9992	0.000728119
-0.914361	-1.9061	0.00502752
-0.909511	-1.81882	0.00311611
-0.905343	-1.71561	0.000476743
-0.906756	-1.60293	0.030748
-0.910855	-1.50027	0.0422323
-0.921638	-1.4091	0.120013
-0.919234	-1.31915	0.148071
-0.915186	-1.21587	0.189117
-0.92089	-1.11562	0.227444
-0.911146	-1.02125	0.114469
-0.91712	-0.910795	0.189252
-0.910205	-0.819296	0.110494
-0.908415	-0.706722	0.101728
-0.901574	-0.603208	0.108037
-0.898231	-0.510545	0.119479
-0.901663	-0.411907	0.0625057
-0.901525	-0.304733	0.0158395
-0.904124	-0.200603	0.0110368
-0.902313	-0.100835	0.00564705
-0.896057	-0.000350549	0.0507174
-0.900275	0.093205	0.0395459
-0.901631	0.196092	0.0133645
-0.915614	0.301421	0.0974895
-0.910761	0.390442	0.109636
-0.910253	0.490957	0.129426
-0.913407	0.586727	0.106973
-0.914192	0.689387	0.0927402
-0.915729	0.794592	0.0824586
-0.91639	0.892973	0.112401
-0.915165	0.990356	0.165721
-0.905017	1.08985	0.14472
-0.923156	1.19375	0.131694
-0.912945	1.28689	0.123835
-0.919923	1.38765	0.113431
-0.913981	1.48525	0.0837471
-0.9121	1.58719	0.0581129
-0.90556	1.69082	0.022488
-0.906838	1.79705	0.00317711
-0.906346	1.89876	0.000359823

-0.802761	-1.99982	0.000162465
-0.812059	-1.90285	0.00430956
-0.817576	-1.80824	0.00765983
-0.808866	-1.71346	0.00389295
-0.804349	-1.60455	0.00765913
-0.804734	-1.50047	0.00965471
-0.813313	-1.40825	0.0982177
-0.820692	-1.31333	0.255675
-0.82478	-1.22254	0.213336
-0.829698	-1.11535	0.152938
-0.816967	-1.01382	0.114987
-0.826719	-0.918189	0.177209
-0.816652	-0.822429	0.146971
-0.819302	-0.715747	0.235169
-0.814711	-0.622052	0.16378
-0.808965	-0.514665	0.0915057
-0.803619	-0.408066	0.0335692
-0.80082	-0.302377	0.0065921
-0.800499	-0.200264	0.00128262
-0.800251	-0.100074	0.000454818
-0.803262	-3.83309e-05	0.029797
-0.800308	0.0928739	0.0596605
-0.796546	0.194882	0.0776416
-0.805394	0.293783	0.0573404
-0.81064	0.395274	0.0530339
-0.814957	0.494881	0.065442
-0.811605	0.588748	0.0951528
-0.806988	0.687788	0.0571881
-0.805699	0.795623	0.0246488
-0.805983	0.895518	0.0820895
-0.808825	0.991322	0.161753
-0.808222	1.08881	0.121989
-0.810622	1.19343	0.0578495
-0.804903	1.29164	0.119085
-0.807652	1.38641	0.0790404
-0.808769	1.49525	0.0745773
-0.807522	1.59624	0.0912617
-0.803145	1.69196	0.0433016
-0.8013	1.79688	0.00864601
-0.800807	1.89955	0.00068808

-0.700338	-1.99999	1.3336e-05
-0.708257	-1.89641	0.00874422
-0.716009	-1.80526	0.0385349
-0.708151	-1.71337	0.022443
-0.700647	-1.59993	0.0939544
-0.69968	-1.50918	0.0570042
-0.708527	-1.408	0.0541189
-0.728559	-1.30528	0.146591
-0.72197	-1.21221	0.0993766
-0.709157	-1.10746	0.228893
-0.711104	-1.02117	0.162626
-0.721028	-0.916376	0.102325
-0.72005	-0.811817	0.121902
-0.732267	-0.717449	0.197689
-0.719701	-0.623916	0.159957
-0.704392	-0.514704	0.0989939
-0.702196	-0.41275	0.0793379
-0.70115	-0.311111	0.0343507
-0.701005	-0.20585	0.0356516
-0.700488	-0.108071	0.0184379
-0.699084	0.000275918	0.0223767
-0.703941	0.0928857	0.0357688
-0.707274	0.194113	0.0937461
-0.704948	0.284248	0.0921214
-0.701162	0.391464	0.117385
-0.70365	0.486217	0.0680847
-0.713442	0.590371	0.184186
-0.708513	0.675629	0.112741
-0.70249	0.78945	0.0275255
-0.707237	0.902319	0.145307
-0.708307	0.983679	0.236507
-0.705466	1.07577	0.132731
-0.701476	1.18545	0.0956962
-0.706065	1.28731	0.0907628
-0.709357	1.39457	0.0915084
-0.711956	1.49497	0.0674315
-0.714699	1.59423	0.112804
-0.708042	1.68966	0.0995705
-0.702393	1.78971	0.0397093
-0.700367	1.89678	0.00715459

-0.600014	-2	4.02711e-07
-0.60472	-1.89703	0.0231836
-0.60727	-1.80621	0.0969395
-0.603797	-1.71868	0.0584333
-0.607759	-1.60622	0.114999
-0.604467	-1.51323	0.0664092
-0.603778	-1.40651	0.0233128
-0.611173	-1.30149	0.0343138
-0.606876	-1.20268	0.0198515
-0.617041	-1.10222	0.128936
-0.612916	-1.01182	0.0849325
-0.608375	-0.906776	0.0320114
-0.612818	-0.802517	0.158265
-0.621703	-0.718027	0.142888
-0.617553	-0.614948	0.0866284
-0.610712	-0.50747	0.0510163
-0.610897	-0.407133	0.0456122
-0.607635	-0.303718	0.0372758
-0.607221	-0.207651	0.0224627
-0.603059	-0.118292	0.00700744
-0.605127	-0.00513216	0.00926107
-0.605417	0.0921562	0.00526163
-0.619256	0.191187	0.0395712
-0.616845	0.283715	0.0476115
-0.615996	0.392463	0.0688871
-0.607802	0.491606	0.0354322
-0.620282	0.600003	0.179851
-0.612035	0.679413	0.113077
-0.598528	0.795158	0.0747641
-0.611057	0.897316	0.292747
-0.617941	0.968865	0.248288
-0.610558	1.08008	0.154651
-0.607113	1.18912	0.146894
-0.601299	1.28083	0.191366
-0.607935	1.37992	0.124877
-0.607795	1.48942	0.106116
-0.61725	1.58888	0.144479
-0.612154	1.68441	0.133225
-0.603931	1.78389	0.057587
-0.600582	1.89468	0.0110983

-0.5	-2	4.47372e-09
-0.511665	-1.89768	0.0305211
-0.518093	-1.80806	0.0633198
-0.508948	-1.71177	0.0339495
-0.510513	-1.60465	0.0517872
-0.504414	-1.50159	0.0805315
-0.500831	-1.40566	0.0399931
-0.504242	-1.30382	0.066247
-0.502587	-1.20755	0.0363942
-0.507984	-1.10324	0.0366591
-0.504973	-1.00298	0.0189552
-0.501681	-0.901289	0.0051087
-0.511095	-0.799181	0.201941
-0.510583	-0.723391	0.1376
-0.506744	-0.612635	0.0439956
-0.504989	-0.499985	0.0358243
-0.502314	-0.403233	0.0146
-0.508476	-0.306443	0.0139115
-0.517267	-0.206079	0.00437171
-0.508972	-0.109932	-0.000266145
-0.499563	0.00103831	0.00503544
-0.50489	0.0930749	0.000439541
-0.517091	0.192929	0.00766441
-0.512015	0.292663	0.0107183
-0.50982	0.393516	0.00859301
-0.504646	0.489683	0.00384971
-0.516865	0.597856	0.104465
-0.51009	0.685541	0.0661252
-0.505751	0.796296	0.0450701
-0.528089	0.900221	0.22097
-0.521647	0.979665	0.151882
-0.50916	1.09115	0.131794
-0.510117	1.19051	0.104888
-0.514283	1.2873	0.115356
-0.512162	1.39043	0.121722
-0.51084	1.48972	0.0915737
-0.516367	1.59178	0.0795228
-0.514272	1.69148	0.0660671
-0.505619	1.79215	0.0271633
-0.501021	1.89748	0.00514372

-0.4	-2	1.82831e-11
-0.406071	-1.8974	0.0649997
-0.404079	-1.80952	0.0982335
-0.401557	-1.71228	0.0470669
-0.403089	-1.60415	0.0177391
-0.405488	-1.49712	0.150624
-0.402888	-1.41268	0.0925339
-0.408483	-1.30714	0.0545288
-0.4049	-1.20509	0.0225842
-0.398318	-1.09798	0.0630921
-0.398426	-1.00412	0.0361357
-0.399657	-0.902285	0.00803718
-0.419978	-0.799754	0.10346
-0.412918	-0.711893	0.0650129
-0.403482	-0.605669	0.0159231
-0.407037	-0.499097	0.0161674
-0.408594	-0.401264	0.00393944
-0.406391	-0.301894	0.0111001
-0.408936	-0.205093	0.00231533
-0.404659	-0.109193	-0.00135523
-0.404534	-0.000767953	0.00179864
-0.40491	0.0968518	0.000629611
-0.406032	0.197571	0.000700786
-0.399761	0.295253	-0.00360361
-0.402707	0.389361	0.00033733
-0.401823	0.485752	0.00133133
-0.407354	0.589404	0.0511496
-0.408995	0.682561	0.0755615
-0.408412	0.785906	0.0928137
-0.422295	0.889168	0.163669
-0.417626	0.982332	0.148096
-0.417746	1.08916	0.248379
-0.411428	1.17628	0.149529
-0.40623	1.29064	0.110403
-0.410517	1.39267	0.0881678
-0.40803	1.49335	0.0433534
-0.406427	1.59697	0.0208932
-0.408413	1.69336	0.0611386
-0.405267	1.78918	0.0826839
-0.400784	1.90115	0.0496676

-0.293698	-1.99462	0.0204548
-0.308071	-1.90655	0.045876
-0.310656	-1.80916	0.0558691
-0.304353	-1.71102	0.077493
-0.305233	-1.61123	0.0965261
-0.3157	-1.50768	0.119965
-0.308905	-1.40992	0.057785
-0.312422	-1.30265	0.195743
-0.307049	-1.21794	0.119101
-0.305032	-1.10771	0.16052
-0.303267	-1.01803	0.176818
-0.301238	-0.920968	0.0826214
-0.308154	-0.8068	0.0377648
-0.300653	-0.707398	0.0470297
-0.298717	-0.609832	0.0233652
-0.302298	-0.503074	0.0079507
-0.303973	-0.400661	0.0011764
-0.30709	-0.300963	0.0036907
-0.310597	-0.208749	9.5198e-05
-0.301718	-0.104737	0.00740512
-0.301195	-0.00594319	0.00521931
-0.301848	0.0956776	-0.00746628
-0.305306	0.194763	-0.00194777
-0.313254	0.284032	-0.00570534
-0.312974	0.376145	-0.00191104
-0.300802	0.481924	-0.00450401
-0.311798	0.585036	0.0169895
-0.3162	0.688	0.0391665
-0.314736	0.791396	0.0528795
-0.317647	0.892123	0.0714662
-0.31938	0.991107	0.166798
-0.330597	1.08281	0.194841
-0.316705	1.18144	0.0934515
-0.308364	1.28969	0.207405
-0.309357	1.37291	0.186693
-0.302119	1.48282	0.137375
-0.299745	1.5904	0.0561284
-0.308212	1.69415	0.0404487
-0.311832	1.79363	0.0491853
-0.316155	1.90075	0.0308659

-0.207857	-1.99668	0.0124906
-0.20966	-1.9049	0.0149913
-0.206341	-1.8039	0.0134831
-0.203009	-1.69979	0.136676
-0.212973	-1.61767	0.158111
-0.212969	-1.51836	0.086611
-0.204175	-1.40956	0.0900394
-0.222337	-1.31076	0.204508
-0.217552	-1.21943	0.176929
-0.219863	-1.11112	0.18832
-0.218277	-1.01277	0.191492
-0.211315	-0.918388	0.134413
-0.204693	-0.812976	0.120918
-0.204665	-0.717341	0.074087
-0.202378	-0.610893	0.0237997
-0.202012	-0.502433	0.00841448
-0.201292	-0.406329	0.0032102
-0.210121	-0.308975	-0.00742559
-0.213129	-0.227092	-0.00556162
-0.209776	-0.118257	0.00271199
-0.200742	-0.0125206	-0.001815
-0.205096	0.0879474	-0.00705743
-0.211855	0.193383	-0.00191463
-0.22374	0.290056	-0.00330538
-0.211216	0.387764	-0.00319546
-0.207607	0.489676	-0.012268
-0.208781	0.586135	-0.00349074
-0.207396	0.693436	0.00721469
-0.20188	0.794415	0.0567979
-0.203335	0.890136	0.0418087
-0.219288	0.99236	0.125075
-0.220162	1.08359	0.0972106
-0.208246	1.19065	0.03281
-0.219225	1.29106	0.165686
-0.219101	1.37634	0.138165
-0.211606	1.48713	0.0884629
-0.202807	1.59839	0.0943336
-0.202764	1.69326	0.104321
-0.208209	1.78977	0.121546
-0.207085	1.89486	0.0810008

-0.104483	-1.99925	0.0028095
-0.0990748	-1.90298	0.0947633
-0.0989872	-1.81901	0.0600263
-0.108293	-1.70286	0.130152
-0.117031	-1.61331	0.110965
-0.109203	-1.51152	0.0425413
-0.105011	-1.40729	0.106935
-0.11713	-1.31395	0.122348
-0.11837	-1.21173	0.0944591
-0.119742	-1.10505	0.0887476
-0.121292	-1.00086	0.133228
-0.118351	-0.910026	0.132034
-0.115644	-0.818341	0.158097
-0.108727	-0.725994	0.0850648
-0.102575	-0.610953	0.0203965
-0.107205	-0.50152	0.00486599
-0.104185	-0.403777	0.00186132
-0.122623	-0.305741	-0.00511821
-0.119201	-0.217642	0.00227067
-0.109133	-0.112556	0.0063257
-0.108536	-0.0244657	0.00265178
-0.103433	0.0774235	0.00124633
-0.100919	0.181809	-0.000279328
-0.106696	0.286607	-0.00104165
-0.107938	0.394444	-0.00161318
-0.112878	0.496232	-0.00656096
-0.107192	0.594217	-0.00342802
-0.104859	0.693119	-0.00837214
-0.106111	0.789258	0.0241691
-0.106925	0.885768	0.0988188
-0.11501	0.980618	0.0952259
-0.108788	1.0839	0.0967452
-0.102528	1.18781	0.0443271
-0.115121	1.29548	0.191729
-0.116609	1.38704	0.232393
-0.109604	1.48032	0.167347
-0.108439	1.58853	0.0974029
-0.106838	1.69295	0.112087
-0.123369	1.78481	0.198487
-0.122975	1.87608	0.12246

-0.000592308	-1.99994	0.000231104
-0.0152739	-1.90141	0.0589993
-0.00939689	-1.8115	0.0366695
-0.0113351	-1.70228	0.0556277
-0.00957059	-1.60479	0.0376572
-0.00358837	-1.5033	0.0114589
-0.00784719	-1.40277	0.0484864
-0.00934983	-1.3104	0.105259
-0.00409451	-1.21116	0.128502
-0.00433525	-1.1102	0.0686784
-0.0137301	-1.00148	0.0588719
-0.0169013	-0.903718	0.0591386
-0.0216059	-0.80931	0.0782539
-0.0107839	-0.712934	0.0392247
-0.00710532	-0.602246	0.0110423
-0.00603365	-0.50524	0.003324
-0.00444799	-0.399553	0.00457288
-0.0119206	-0.301313	-0.000870944
-0.0141566	-0.210191	0.00229435
-0.023152	-0.112417	0.00545239
-0.0190944	-0.0304913	0.00741174
-0.0163542	0.0753378	0.00491804
-0.0117109	0.186338	0.000931182
-0.00474706	0.296851	-0.0072648
-0.00324496	0.394258	-0.00464076
-0.00478682	0.497037	-0.00232685
-0.00237793	0.598606	-0.000844732
-0.00821465	0.696735	-0.00522805
-0.00688172	0.794168	0.00324051
-0.0162521	0.89276	0.0557034
-0.0167631	0.984403	0.0987999
-0.0168932	1.08326	0.132325
-0.00776746	1.18418	0.0648566
-0.018243	1.2956	0.105123
-0.0197653	1.39812	0.179006
-0.0151627	1.48548	0.125782
-0.00648701	1.58927	0.101188
-0.00802317	1.68971	0.0798176
-0.031312	1.78968	0.114114
-0.0228565	1.88522	0.063075

0.0951403	-1.99575	0.0223519
0.0899978	-1.90378	0.026521
0.0948241	-1.80473	0.0113284
0.0959481	-1.70087	0.0108495
0.0926499	-1.59976	0.0639603
0.0924736	-1.51053	0.102211
0.0941521	-1.41187	0.0583213
0.0907863	-1.30746	0.05783
0.0909988	-1.20596	0.0702803
0.10043	-1.10943	0.0954755
0.0979933	-1.00793	0.147452
0.0949398	-0.914612	0.0821698
0.09196	-0.810442	0.0815862
0.0973365	-0.71587	0.0753072
0.0913144	-0.616209	0.0235967
0.0937811	-0.527624	0.00632993
0.0903439	-0.408611	-0.00213716
0.0875097	-0.306871	-0.00322786
0.0874828	-0.20477	0.00854653
0.0719106	-0.117522	0.00813417
0.0731243	-0.0204593	0.00403273
0.0863336	0.0820579	0.00603313
0.0939803	0.186724	0.00318267
0.0909623	0.305024	0.00411975
0.0950662	0.38996	0.00256226
0.0961191	0.489882	0.00969194
0.0982125	0.590282	0.005714
0.0977034	0.696116	0.055351
0.098252	0.781002	0.0351489
0.0937522	0.89042	0.0201793
0.086957	0.993397	0.0462674
0.0823468	1.09228	0.0658307
0.0950221	1.19314	0.0910915
0.0938935	1.29046	0.116417
0.0865579	1.39128	0.104229
0.0902025	1.49177	0.0509053
0.0876781	1.59185	0.0966146
0.0889531	1.68734	0.116097
0.081972	1.78838	0.108508
0.0860578	1.88329	0.128198

0.193631	-1.9928	0.0268178
0.19525	-1.9051	0.017548
0.199678	-1.80728	0.054835
0.200082	-1.70902	0.0318981
0.190804	-1.60274	0.0422835
0.184394	-1.50346	0.11644
0.187569	-1.41039	0.171146
0.192401	-1.31668	0.0943443
0.195087	-1.20705	0.0328781
0.194695	-1.1044	0.0478807
0.185274	-1.00453	0.0872959
0.191366	-0.908662	0.0452512
0.190849	-0.805488	0.0424626
0.189689	-0.708593	0.0956547
0.174917	-0.624676	0.0453233
0.182165	-0.523402	0.0076217
0.187685	-0.409887	-0.00977773
0.193038	-0.31476	0.00377756
0.182352	-0.211684	0.00942592
0.174894	-0.112152	0.000505077
0.182411	-0.0225057	0.000646245
0.195556	0.0794939	0.00476912
0.198832	0.173558	0.00279922
0.185891	0.296562	0.00241945
0.191333	0.389266	0.00118196
0.18899	0.491091	0.0103825
0.189752	0.577978	0.0154502
0.181047	0.681612	0.0473084
0.189385	0.776971	0.0282424
0.19542	0.889033	0.0515607
0.195026	0.990733	0.0370414
0.197353	1.09606	0.0849248
0.195308	1.19248	0.0827346
0.190145	1.29234	0.0689603
0.192652	1.395	0.108245
0.196935	1.49155	0.0562848
0.186106	1.59316	0.102324
0.183924	1.68758	0.0919446
0.183787	1.79155	0.0618783
0.178391	1.89058	0.0757532

0.293788	-1.9965	0.0137484
0.296	-1.90805	0.00867045
0.293611	-1.80641	0.0327542
0.29658	-1.70571	0.0188938
0.298352	-1.60117	0.0713826
0.289449	-1.50165	0.14885
0.279801	-1.40996	0.144014
0.292728	-1.31662	0.229353
0.295108	-1.2245	0.176065
0.295259	-1.11592	0.0718819
0.292612	-1.00469	0.0301295
0.294922	-0.903722	0.0671639
0.296244	-0.807711	0.0815635
0.275953	-0.708927	0.0980114
0.276906	-0.620355	0.0479475
0.284725	-0.50829	0.00948492
0.286709	-0.409159	-0.00342263
0.286061	-0.311283	0.00143548
0.28844	-0.205162	-0.0033289
0.273597	-0.113442	-0.00519896
0.27482	-0.0176734	-0.00516688
0.275636	0.0823695	-0.000657079
0.28767	0.180308	0.00323528
0.286811	0.282195	0.00145895
0.294003	0.388207	0.00499294
0.284136	0.488644	0.00705768
0.281531	0.587141	0.0194312
0.275203	0.677515	0.066763
0.286929	0.771682	0.0397088
0.290369	0.88847	0.0358047
0.296801	0.990012	0.0839869
0.293501	1.09275	0.142029
0.293832	1.18919	0.08031
0.291298	1.29274	0.0920218
0.289588	1.39174	0.0901687
0.295266	1.4931	0.0376738
0.28579	1.59628	0.106979
0.287896	1.69007	0.156933
0.292388	1.78364	0.0835443
0.291144	1.89228	0.031937

0.391805	-1.99913	0.00410231
0.394989	-1.904	0.00252026
0.39488	-1.79898	0.0567856
0.397464	-1.70528	0.0345928
0.398953	-1.5985	0.0944753
0.390056	-1.50431	0.103871
0.388114	-1.40642	0.0599897
0.381139	-1.30964	0.235552
0.382041	-1.22597	0.174521
0.390129	-1.11257	0.172384
0.396291	-1.0133	0.0868525
0.392124	-0.906037	0.0529009
0.385744	-0.806414	0.094601
0.373212	-0.708003	0.13191
0.384416	-0.619932	0.0690319
0.38758	-0.506707	0.0150415
0.387398	-0.402075	0.00282228
0.384679	-0.308738	0.000966923
0.385185	-0.207449	-0.00113806
0.383695	-0.119667	-0.00260453
0.388264	-0.0215083	-0.00214259
0.388643	0.0756074	-0.00102768
0.382502	0.186597	0.00157317
0.383811	0.287308	-0.0151431
0.387801	0.381609	-0.00693889
0.389515	0.488984	0.00031048
0.377149	0.593566	0.0318136
0.367682	0.675635	0.0755164
0.384043	0.773801	0.043385
0.392172	0.891975	0.0710385
0.391659	0.989916	0.0778116
0.383395	1.09444	0.134457
0.38319	1.19381	0.17981
0.380501	1.28938	0.217982
0.387578	1.38228	0.118513
0.398826	1.48866	0.0847059
0.389705	1.59054	0.0818201
0.380814	1.69302	0.0940825
0.391501	1.7901	0.121993
0.397383	1.88398	0.0617981

0.497074	-1.9999	0.000625349
0.499774	-1.8967	0.0350558
0.493238	-1.8016	0.0510751
0.49528	-1.70468	0.0766465
0.493343	-1.60558	0.0757495
0.493378	-1.50524	0.0424616
0.49659	-1.40253	0.0139836
0.479971	-1.3036	0.106344
0.48179	-1.20709	0.135234
0.481078	-1.10739	0.132855
0.490786	-1.00925	0.0593089
0.495159	-0.903573	0.0194517
0.488958	-0.801526	0.0897472
0.475726	-0.708657	0.0968611
0.486925	-0.611862	0.0422134
0.49419	-0.50378	0.00824705
0.488706	-0.399886	0.00193822
0.490624	-0.303631	0.000615604
0.485303	-0.20605	-0.00378456
0.481098	-0.116871	-0.00769352
0.479876	-0.018531	-0.00349225
0.486591	0.0752978	0.00254598
0.489996	0.177745	0.00286904
0.483223	0.28645	-0.0154513
0.495196	0.380796	-0.00511669
0.499625	0.474053	0.000351292
0.479546	0.589181	0.0167258
0.473862	0.686998	0.0365858
0.486636	0.789483	0.0634611
0.488008	0.888295	0.117853
0.491636	0.984805	0.0701737
0.485828	1.09445	0.064127
0.474229	1.19942	0.159912
0.471101	1.29135	0.262696
0.485978	1.37875	0.144311
0.49274	1.48886	0.0658083
0.493569	1.59381	0.0328905
0.491693	1.69725	0.0242772
0.484744	1.79696	0.0615697
0.492016	1.89143	0.0341455

0.600266	-1.99223	-0.00398527
0.595678	-1.90479	0.0162041
0.589737	-1.80307	0.0648293
0.588497	-1.70688	0.0677216
0.592687	-1.60612	0.0355229
0.597254	-1.50254	0.0108097
0.598034	-1.39896	0.126769
0.592058	-1.3072	0.151994
0.587503	-1.20857	0.106933
0.588377	-1.1055	0.055883
0.595293	-1.00314	0.017692
0.59911	-0.898622	0.0625009
0.592027	-0.804629	0.0726427
0.588652	-0.706415	0.0414348
0.593603	-0.607137	0.0660826
0.593484	-0.513334	0.0755326
0.593094	-0.413175	0.058989
0.596467	-0.311751	0.0236875
0.586861	-0.207947	0.00504393
0.581195	-0.113766	-0.00256451
0.582787	-0.00539181	-0.00561651
0.578253	0.0777735	4.79536e-05
0.586495	0.168363	-0.000932923
0.582631	0.276419	-0.0049754
0.580977	0.382911	0.0232381
0.592749	0.475832	0.0530829
0.592256	0.584755	0.0808577
0.596763	0.684137	0.0888462
0.592436	0.786344	0.0662872
0.5828	0.887582	0.118005
0.590391	0.984491	0.0649209
0.594254	1.09442	0.023465
0.583405	1.20018	0.0634646
0.573666	1.29704	0.130335
0.586952	1.39023	0.0688
0.593105	1.49493	0.0825649
0.601785	1.59122	0.0892755
0.601438	1.68987	0.0405242
0.594847	1.79631	0.0200711
0.599386	1.90278	-0.000628784

0.688607	-1.9952	-0.00253212
0.692542	-1.91095	-0.000645142
0.688967	-1.81723	0.0284855
0.69131	-1.70966	0.0255509
0.696705	-1.60306	0.00927888
0.699321	-1.50064	0.00175716
0.687273	-1.3991	0.0775065
0.689439	-1.30438	0.144651
0.693462	-1.21077	0.0827786
0.69688	-1.10491	0.0226605
0.699018	-1.0008	0.126644
0.697371	-0.913448	0.152874
0.695783	-0.816141	0.076488
0.697177	-0.706156	0.0190371
0.692304	-0.603156	0.0358846
0.687141	-0.507882	0.0458928
0.684219	-0.404869	0.0970634
0.692235	-0.315978	0.0545426
0.688073	-0.208662	0.0133247
0.689873	-0.106572	0.0011579
0.682758	3.90698e-05	-0.00296364
0.669929	0.0914659	0.0110841
0.672873	0.180275	0.00597828
0.680873	0.280557	0.0292231
0.68245	0.383356	0.0353594
0.687005	0.486653	0.0382147
0.691729	0.59304	0.105505
0.697491	0.683453	0.138881
0.69261	0.782315	0.118576
0.687874	0.88827	0.187949
0.693392	0.980336	0.103151
0.698141	1.09208	0.0236206
0.69574	1.1993	0.0128464
0.691487	1.2995	0.0270227
0.691859	1.3969	0.0817998
0.689379	1.49198	0.0806234
0.692167	1.59454	0.190792
0.698363	1.68087	0.140929
0.703583	1.79109	0.0817677
0.697646	1.89147	0.0243534

0.794718	-1.9989	-0.000589484
0.783863	-1.90802	-0.00168286
0.783001	-1.81447	0.0360772
0.792242	-1.71251	0.0230355
0.798347	-1.60375	0.00547953
0.798207	-1.5035	0.117874
0.793746	-1.4133	0.0883887
0.790643	-1.30649	0.0744076
0.787995	-1.21291	0.206651
0.793985	-1.12442	0.121271
0.787046	-1.00843	0.100929
0.782539	-0.914289	0.202545
0.78974	-0.815137	0.20156
0.796444	-0.716805	0.0902331
0.797832	-0.609047	0.0780065
0.795816	-0.51023	0.0447839
0.779807	-0.402394	0.101939
0.78795	-0.313052	0.0591619
0.791461	-0.203688	0.0480078
0.795646	-0.106275	0.0226457
0.788171	-0.00211834	0.0253146
0.778647	0.0910957	0.0565017
0.785031	0.181029	0.0714333
0.78648	0.281703	0.0491218
0.786453	0.388253	0.0620279
0.791552	0.488913	0.0364048
0.790944	0.595967	0.0540783
0.790803	0.693243	0.17694
0.791963	0.782692	0.177517
0.781038	0.89129	0.234457
0.787774	0.980438	0.126918
0.797047	1.09142	0.0283565
0.799348	1.19896	0.00311437
0.799051	1.29992	0.00218957
0.787184	1.39729	0.102236
0.791765	1.48659	0.118559
0.780201	1.58882	0.139804
0.78707	1.69093	0.115542
0.788227	1.78781	0.0864627
0.79205	1.89012	0.0420993

0.899342	-1.99991	-4.89134e-05
0.889853	-1.90514	-0.00199291
0.884548	-1.80977	0.0356216
0.896097	-1.71899	0.0435079
0.900991	-1.61324	0.0199097
0.88776	-1.50525	0.0757456
0.888714	-1.41182	0.101603
0.893639	-1.30922	0.119296
0.874204	-1.21266	0.215312
0.881133	-1.12425	0.170514
0.888696	-1.01655	0.0789827
0.879149	-0.909225	0.108494
0.876418	-0.807355	0.119257
0.889374	-0.709449	0.0534382
0.892218	-0.6052	0.0441364
0.895951	-0.50533	0.0220817
0.885434	-0.401263	0.0458139
0.891518	-0.305107	0.0256481
0.889972	-0.200749	0.0269174
0.894831	-0.103088	0.013482
0.888657	-0.00145359	0.0158046
0.882877	0.0950971	0.0329309
0.885601	0.190726	0.0432027
0.889293	0.294197	0.07277
0.88899	0.393007	0.107429
0.894311	0.487569	0.0542294
0.896193	0.595356	0.0204588
0.88451	0.698465	0.0879143
0.884526	0.791655	0.0914615
0.87431	0.896148	0.119193
0.896039	0.982381	0.226055
0.902779	1.07328	0.126631
0.898739	1.19079	0.0876728
0.894902	1.28592	0.144574
0.884651	1.38382	0.218243
0.885641	1.481	0.175408
0.88674	1.58405	0.0882561
0.887593	1.69489	0.049957
0.887986	1.79394	0.0298224
0.886219	1.89869	0.0239095

0.999973	-2	-1.47843e-06
0.991545	-1.90201	-0.0010262
0.984047	-1.80353	0.024265
0.987431	-1.71671	0.0682608
0.995094	-1.62316	0.0391711
0.995012	-1.51306	0.0588362
0.988917	-1.41451	0.108555
0.98364	-1.31108	0.152974
0.976533	-1.21262	0.136995
0.979947	-1.11283	0.0915834
0.991508	-1.00851	0.0348707
0.991855	-0.90321	0.0263149
0.985773	-0.80608	0.0919681
0.992691	-0.710808	0.0520504
0.995369	-0.602338	0.0905738
0.997948	-0.50623	0.049988
0.999202	-0.404652	0.146376
0.999612	-0.314233	0.0862095
1.00146	-0.207393	0.131738
1.00227	-0.111435	0.22419
0.997727	-0.020567	0.123427
0.994822	0.0907956	0.0334426
0.991147	0.197915	0.0769774
0.989458	0.297256	0.120784
0.988304	0.388386	0.137306
0.997255	0.484987	0.121256
0.994207	0.581982	0.200204
0.989803	0.67458	0.177132
0.992039	0.782238	0.0796272
0.98836	0.892057	0.090894
0.982198	0.988573	0.212468
0.990743	1.07887	0.219044
0.991585	1.18027	0.130065
0.98802	1.28482	0.194005
0.979861	1.37676	0.179062
0.979755	1.48463	0.17495
0.983088	1.58126	0.165313
0.990436	1.68126	0.0797026
0.993559	1.79457	0.024374
0.986913	1.89522	0.0128353

1.1	-2	-1.64243e-08
1.09716	-1.90038	-0.000222873
1.08387	-1.80024	0.0094054
1.08045	-1.70966	0.0326711
1.08972	-1.62052	0.0471802
1.08759	-1.52146	0.117175
1.08234	-1.42501	0.134531
1.08204	-1.32192	0.141315
1.08143	-1.21665	0.177533
1.08759	-1.11845	0.0974128
1.09601	-1.00758	0.0240998
1.09842	-0.897555	0.0754573
1.08964	-0.806582	0.0837195
1.09091	-0.704428	0.105452
1.09019	-0.604771	0.093378
1.09974	-0.500798	0.10366
1.09271	-0.403968	0.232892
1.09567	-0.316206	0.185803
1.092	-0.20917	0.18091
1.08062	-0.113958	0.226057
1.08792	-0.021525	0.117242
1.09672	0.0917028	0.0257655
1.09064	0.199265	0.0428649
1.0852	0.297334	0.123203
1.08765	0.391515	0.163923
1.09151	0.4867	0.113986
1.07664	0.586934	0.135584
1.07915	0.683495	0.105519
1.09419	0.786965	0.101272
1.09165	0.887967	0.0806155
1.08131	0.996976	0.159496
1.0794	1.08831	0.15309
1.08798	1.18768	0.0713448
1.08191	1.2928	0.0958675
1.08467	1.38903	0.0688116
1.07365	1.49308	0.112297
1.06852	1.58651	0.13782
1.08484	1.68209	0.0671485
1.0905	1.79235	0.0155891
1.09398	1.89761	-0.00439949

1.2	-2	-6.71226e-11
1.19575	-1.90439	-0.00782951
1.19233	-1.80861	-0.0030923
1.1858	-1.70634	0.00624086
1.1844	-1.61039	0.0295532
1.17521	-1.51675	0.0963062
1.1756	-1.41566	0.12861
1.1781	-1.32135	0.127342
1.1743	-1.21816	0.122987
1.18711	-1.11327	0.0559475
1.19718	-1.00408	0.0114112
1.19175	-0.901392	0.16049
1.19038	-0.8201	0.165425
1.18848	-0.715075	0.108938
1.19174	-0.606782	0.048692
1.19679	-0.494875	0.106369
1.18676	-0.403268	0.203675
1.18628	-0.31409	0.143153
1.185	-0.207191	0.0966607
1.1789	-0.106887	0.0974071
1.18584	-0.0130359	0.111915
1.19552	0.0871565	0.120218
1.19607	0.18988	0.0626674
1.18823	0.295843	0.0633606
1.18681	0.396601	0.0807518
1.19217	0.494566	0.0461406
1.18725	0.591859	0.0989159
1.19033	0.687246	0.172022
1.19738	0.77982	0.231994
1.19234	0.877214	0.187297
1.1805	0.989186	0.166398
1.18649	1.09043	0.148227
1.1951	1.1892	0.0645684
1.19335	1.29169	0.0879998
1.19963	1.39208	0.0799865
1.18379	1.49035	0.0910988
1.18467	1.59108	0.0608681
1.19668	1.6835	0.0221146
1.18893	1.78468	-0.00328145
1.18731	1.88989	-0.00902981

1.3	-2	-1.00915e-13
1.29153	-1.90265	-0.00473941
1.29424	-1.80527	-0.00274587
1.2953	-1.70245	-5.12412e-06
1.28779	-1.60291	0.00920782
1.2797	-1.50619	0.0379288
1.27922	-1.40559	0.0568746
1.27712	-1.30892	0.0901743
1.28036	-1.21793	0.0982095
1.29184	-1.11577	0.0443282
1.29846	-1.00476	0.00871861
1.28453	-0.901557	0.130686
1.28725	-0.814355	0.171492
1.29277	-0.715316	0.0898159
1.29716	-0.605638	0.0228177
1.29282	-0.497288	0.0464265
1.28557	-0.40161	0.0852568
1.29001	-0.306076	0.0511368
1.29367	-0.202712	0.0238534
1.29359	-0.101534	0.0182826
1.28599	-0.00590512	0.11856
1.28694	0.0870696	0.110758
1.28939	0.190039	0.152569
1.28806	0.287612	0.146748
1.2915	0.388	0.130021
1.29656	0.48851	0.0570339
1.29082	0.592228	0.177752
1.28528	0.682331	0.302228
1.28298	0.769514	0.235665
1.28618	0.876801	0.186094
1.28251	0.984292	0.119451
1.28594	1.0924	0.0806126
1.29461	1.19457	0.0318439
1.2923	1.29559	0.0444809
1.29208	1.39592	0.0441374
1.28504	1.4946	0.0419529
1.28401	1.58998	0.0143214
1.29263	1.67434	0.00155104
1.28673	1.77998	-0.00405053
1.28951	1.8861	-0.00373234

1.39825	-1.99895	0.00146155
1.39571	-1.90595	-0.000182918
1.4021	-1.80849	-0.00867672
1.40183	-1.70989	-0.00512319
1.39703	-1.60383	0.000259521
1.39408	-1.50146	0.00665779
1.39144	-1.40693	0.0455508
1.39001	-1.32353	0.103799
1.38717	-1.22859	0.0823231
1.39285	-1.1156	0.107851
1.39708	-1.0162	0.10522
1.38717	-0.911433	0.0902673
1.38983	-0.80818	0.171275
1.39808	-0.716142	0.207081
1.40044	-0.617811	0.100698
1.39283	-0.503762	0.100216
1.39238	-0.406306	0.0616061
1.39409	-0.300724	0.137668
1.40104	-0.211045	0.195283
1.40148	-0.117017	0.215011
1.39048	-0.0198745	0.14811
1.39311	0.0886587	0.112011
1.38389	0.189075	0.114897
1.38067	0.286424	0.153762
1.38475	0.38441	0.112476
1.39411	0.490289	0.0398868
1.3845	0.59284	0.159429
1.37135	0.683469	0.204725
1.37986	0.781425	0.114552
1.38627	0.88946	0.0803053
1.39069	0.992541	0.0430426
1.39461	1.09436	0.0678326
1.39793	1.19092	0.0363553
1.39689	1.29594	0.0162041
1.39609	1.3987	0.0104766
1.39133	1.50027	0.0143578
1.38152	1.58989	0.00430785
1.38434	1.68325	-0.000368742
1.38441	1.79131	-0.00212271
1.392	1.89654	-0.00897991

1.49288	-1.99936	0.000886474
1.49531	-1.90334	0.000450281
1.49618	-1.80108	-0.00609551
1.49819	-1.70948	-0.00374851
1.50339	-1.60661	0.00238028
1.50192	-1.50809	0.00233711
1.47897	-1.40386	0.0179539
1.47829	-1.31676	0.0564828
1.48847	-1.22402	0.0674385
1.48427	-1.1164	0.0798234
1.48177	-1.00912	0.109197
1.4881	-0.911474	0.0627858
1.48344	-0.802488	0.139809
1.48223	-0.712061	0.151711
1.49305	-0.614433	0.117901
1.48983	-0.509824	0.089351
1.48973	-0.406653	0.0907378
1.47945	-0.310127	0.17483
1.48397	-0.218799	0.210683
1.48365	-0.120711	0.17354
1.48864	-0.017706	0.128598
1.49049	0.0868483	0.0841408
1.49005	0.191814	0.0465611
1.48835	0.29877	0.15975
1.48979	0.388099	0.152674
1.49086	0.484085	0.125313
1.4882	0.584594	0.203381
1.48644	0.67805	0.133996
1.493	0.788943	0.0421639
1.49561	0.897132	0.0167228
1.50242	1.00093	0.0580994
1.4956	1.09333	0.0612472
1.49661	1.19279	0.0253347
1.49884	1.29773	0.00537622
1.49943	1.39969	0.00116658
1.49103	1.50078	0.00447031
1.48922	1.59578	0.00193536
1.49291	1.6953	0.000135306
1.48857	1.79858	-0.000796173
1.4876	1.89992	-0.00518157

1.59706	-1.99986	0.000197799
1.6	-1.8985	-0.00130467
1.59301	-1.8064	0.00487683
1.59556	-1.71373	0.0036299
1.59547	-1.60649	0.00274747
1.59584	-1.5082	0.00748281
1.58315	-1.40836	0.00541084
1.57699	-1.30719	0.00638158
1.58351	-1.21489	0.0221991
1.58923	-1.11079	0.0455843
1.58479	-1.00944	0.0565531
1.59107	-0.907844	0.108115
1.58652	-0.816038	0.133853
1.59239	-0.721459	0.125721
1.59287	-0.617814	0.0855948
1.5932	-0.509051	0.0406907
1.58364	-0.403	0.154185
1.57707	-0.317087	0.14558
1.58183	-0.209708	0.158895
1.58753	-0.113198	0.0950779
1.59148	-0.00877253	0.11337
1.5941	0.0876806	0.065615
1.59712	0.194332	0.0186615
1.59034	0.298536	0.121647
1.58712	0.388309	0.107287
1.5837	0.49177	0.121611
1.5815	0.588404	0.182962
1.58805	0.684491	0.13616
1.59589	0.788245	0.0491657
1.5954	0.895636	0.058045
1.59036	0.997225	0.098977
1.5895	1.0912	0.0768697
1.59541	1.18938	0.0288576
1.5991	1.29645	0.00507871
1.60027	1.40032	0.00123777
1.59696	1.49462	0.00138323
1.5982	1.59908	-0.0101854
1.60385	1.68763	-0.00971353
1.60053	1.78854	0.00417662
1.59529	1.89112	-0.001648

1.69965	-1.99999	1.62363e-05
1.69796	-1.8987	0.00127108
1.69065	-1.81024	0.00517273
1.69441	-1.70962	0.00308629
1.70311	-1.60056	-0.0178335
1.69598	-1.51839	-0.00793563
1.69656	-1.41522	0.00420819
1.6896	-1.30781	0.00867961
1.69162	-1.21753	0.00925801
1.69312	-1.1059	0.022714
1.69351	-1.00915	0.0191853
1.68459	-0.905296	0.0597735
1.68293	-0.810649	0.0632981
1.68838	-0.712181	0.058278
1.69338	-0.608851	0.0323488
1.69735	-0.503442	0.0103266
1.67908	-0.402537	0.133718
1.68324	-0.315256	0.0929462
1.68549	-0.205728	0.0711752
1.6929	-0.107045	0.0772614
1.69417	-0.0113565	0.122126
1.69731	0.0866049	0.119113
1.69715	0.191711	0.15433
1.69115	0.288358	0.231332
1.69127	0.373896	0.194471
1.68564	0.47906	0.114057
1.68194	0.589709	0.0897105
1.68803	0.697103	0.134145
1.69598	0.785525	0.0709441
1.69108	0.893039	0.0447986
1.68399	0.992937	0.077603
1.6842	1.08762	0.0541189
1.69338	1.19136	0.0178618
1.69875	1.29775	0.00279525
1.69554	1.40065	-0.000252269
1.69287	1.48764	0.00474236
1.68667	1.58799	-0.000974248
1.69282	1.678	-0.00898528
1.69293	1.77195	-0.00053638
1.68995	1.88658	-0.00695282

1.79651	-1.99862	0.00425089
1.78902	-1.89676	0.0125326
1.79102	-1.81281	0.00104964
1.79223	-1.71073	0.00705623
1.7837	-1.6138	-0.0112569
1.78807	-1.52846	-0.00832651
1.79248	-1.41542	-0.00726962
1.78419	-1.31353	-0.0039426
1.78643	-1.22767	-0.000906584
1.78473	-1.11507	0.00696724
1.79176	-1.01832	0.00536611
1.79249	-0.907485	0.0136671
1.7934	-0.80324	0.0132202
1.80039	-0.700104	0.0358728
1.79645	-0.609588	0.0558675
1.79747	-0.511191	0.0271126
1.78499	-0.404414	0.0580558
1.79068	-0.30641	0.0336754
1.79221	-0.198066	0.0641577
1.79076	-0.105758	0.0616839
1.78927	-0.00818168	0.0636245
1.78932	0.0936166	0.0993337
1.7828	0.190575	0.115149
1.77312	0.290963	0.14075
1.77494	0.385065	0.114123
1.78606	0.487201	0.0521841
1.7876	0.594963	0.0668677
1.78259	0.694388	0.0854521
1.79132	0.790447	0.040505
1.79501	0.896222	0.0148459
1.78808	0.996234	0.0286213
1.79047	1.09373	0.0187378
1.79786	1.19677	0.000753904
1.79994	1.28721	-0.00164483
1.78861	1.39392	-0.00964083
1.77947	1.48679	-0.00246852
1.77414	1.58956	0.000322645
1.77273	1.68772	-0.00403255
1.78198	1.78366	0.00120144
1.78683	1.89867	0.0034138

1.89183	-1.99916	0.00257803
1.88541	-1.89107	0.00669986
1.90408	-1.80467	0.00799503
1.89711	-1.71538	0.00858052
1.88658	-1.61216	-0.00722073
1.89173	-1.51969	-0.00612882
1.88961	-1.40935	-0.00585522
1.87912	-1.30287	-4.70129e-05
1.88143	-1.22501	0.00971464
1.87655	-1.12219	0.00250092
1.90167	-1.02944	-0.00593909
1.91291	-0.938481	0.0046613
1.90568	-0.824224	0.00499283
1.89799	-0.713156	0.0148797
1.89059	-0.620641	0.0346696
1.89753	-0.529356	0.0274869
1.89678	-0.417992	0.0194769
1.89793	-0.305522	0.0075337
1.89161	-0.198286	0.0314574
1.88803	-0.102445	0.0557825
1.88982	-0.00954368	0.0755754
1.90686	0.093621	0.116171
1.90272	0.182788	0.105761
1.89004	0.284981	0.12385
1.88939	0.375506	0.0732115
1.89506	0.48849	0.021152
1.88651	0.59373	0.0578018
1.8864	0.69044	0.0372253
1.89434	0.788896	0.0109852
1.89856	0.896235	0.00206756
1.89203	0.99548	0.0106464
1.89485	1.09059	0.00666044
1.89645	1.18804	0.0152428
1.89817	1.27075	0.00925117
1.88532	1.38841	-0.00010946
1.88087	1.48508	-0.00783602
1.89356	1.59379	-0.00908502
1.89699	1.68585	0.00440652
1.88244	1.78343	0.0094075
1.87684	1.90453	-0.00453878

