-1.99075	-1.9898	-0.00489337
-1.98136	-1.93941	0.00534297
-1.98318	-1.89298	0.0144194
-1.98245	-1.82081	0.0145115
-1.97837	-1.75548	0.00837251
-1.97944	-1.66978	-0.0051885
-1.98256	-1.57005	-0.00099085
-1.9813	-1.47498	-0.00145465
-1.98118	-1.35563	-0.00705878
-1.97556	-1.27258	0.00145277
-1.97572	-1.16745	0.0187189
-1.9731	-1.01523	0.0142623
-1.97141	-0.9327	-0.00603505
-1.97867	-0.847247	-0.000929765
-1.98315	-0.761525	0.00206976
-1.98153	-0.661972	-0.00908987
-1.98175	-0.558785	-0.0212542
-1.98102	-0.436256	0.0100932
-1.97803	-0.365515	0.0206481
-1.97917	-0.267588	0.065257
-1.97858	-0.154799	0.102478
-1.9725	-0.0447289	0.147598
-1.97464	0.0628985	0.153895
-1.98096	0.142014	0.109523
-1.98032	0.21668	0.108205
-1.97544	0.296373	0.0840732
-1.97682	0.39469	0.0292426
-1.98141	0.502553	-0.00483109
-1.97862	0.606525	-0.000248244
-1.97744	0.715329	-0.00124131
-1.9775	0.804557	0.00210626
-1.98277	0.925282	-0.00613783
-1.98231	1.04812	0.00111495
-1.98377	1.13124	0.0218745
-1.98154	1.21112	0.0259937
-1.97928	1.32594	0.0236825
-1.97568	1.41286	0.0146876
-1.9583	1.51767	-0.010416
-1.92222	1.729	0.00776653
-1.8454	1.85571	-0.00921391

-1.93287	-1.98588	-0.00354968
-1.95389	-1.95961	6.54424e-05
-1.96114	-1.91922	0.0116389
-1.96994	-1.84282	0.004571
-1.96257	-1.78266	0.00693331
-1.96676	-1.72072	0.0107488
-1.968	-1.62608	0.0121294
-1.96861	-1.54696	0.012778
-1.9722	-1.41543	0.0112706
-1.9608	-1.3211	-0.000777339
-1.9629	-1.24649	-0.00946676
-1.96668	-1.15034	0.000450937
-1.96515	-1.03917	0.0075647
-1.96981	-0.898677	-0.0178979
-1.96656	-0.82419	-0.00374304
-1.97284	-0.733835	0.00925867
-1.9765	-0.65688	0.00705289
-1.97695	-0.515332	0.0300546
-1.96648	-0.416915	0.0476767
-1.96936	-0.321099	0.076591
-1.96919	-0.233556	0.118438
-1.96072	-0.126508	0.185101
-1.96326	-0.0188938	0.195652
-1.96427	0.0991533	0.187852
-1.97004	0.179275	0.155401
-1.96857	0.263852	0.128039
-1.97001	0.349898	0.083343
-1.97299	0.43586	0.0414855
-1.97203	0.54266	0.0167908
-1.97249	0.663831	-0.00933046
-1.9682	0.758198	0.00885546
-1.96423	0.857101	0.00805988
-1.96351	0.945368	-0.00177772
-1.96606	1.04655	-0.00763145
-1.95645	1.15858	-0.0131122
-1.95693	1.25137	-0.0050723
-1.96376	1.35968	0.00294434
-1.94754	1.47907	-0.0093834
-1.92879	1.6792	0.0111903
-1.75282	1.88329	-0.0166529

-1.87824	-1.98397	-0.00354314
-1.91131	-1.95905	-0.00103397
-1.92174	-1.92532	0.00793876
-1.94182	-1.86065	0.000637634
-1.94399	-1.81376	-0.00149683
-1.94449	-1.75698	-0.00479378
-1.94719	-1.66183	-0.00834104
-1.9429	-1.57783	0.0129099
-1.94598	-1.46182	0.00988333
-1.94477	-1.3706	-0.00646678
-1.94862	-1.27807	-0.0175221
-1.95956	-1.19063	-0.00965255
-1.96232	-1.11586	0.00575679
-1.95724	-0.986906	-0.0101688
-1.9485	-0.89365	-0.0153006
-1.9496	-0.782238	0.00753724
-1.94953	-0.704402	-0.00408297
-1.95975	-0.599577	0.0171081
-1.95508	-0.517739	0.0352683
-1.95099	-0.396993	0.0925582
-1.94595	-0.287595	0.165685
-1.94758	-0.187738	0.210431
-1.94866	-0.102021	0.222479
-1.94031	0.0213243	0.266532
-1.94101	0.11627	0.260237
-1.94756	0.228029	0.202112
-1.95036	0.325893	0.153484
-1.94997	0.409526	0.108988
-1.94743	0.509381	0.0516192
-1.94726	0.595716	0.0177841
-1.94587	0.70244	0.00603416
-1.94422	0.822646	0.004746
-1.94619	0.908845	-0.00196369
-1.94501	1.00602	-0.0194948
-1.94121	1.10799	-0.0224903
-1.93914	1.195	-0.0129393
-1.94729	1.31418	-0.01189
-1.93683	1.42043	-0.0125624
-1.89358	1.64102	0.00881341
-1.71573	1.8367	-0.0202625

-1.7952	-1.9818	-0.0132259
-1.85151	-1.96197	-0.0172257
-1.868	-1.92941	-0.0201326
-1.89239	-1.88376	-0.00465447
-1.90733	-1.83763	0.00104381
-1.90888	-1.78243	-0.00718009
-1.91387	-1.7008	-0.0196687
-1.91334	-1.6103	0.00189447
-1.91812	-1.49985	0.0035686
-1.91772	-1.41862	-0.0279526
-1.91296	-1.34142	-0.0250904
-1.92004	-1.24388	-0.00656923
-1.93049	-1.16424	-0.00137206
-1.9313	-1.04558	-0.00111841
-1.92665	-0.956641	0.00240614
-1.92245	-0.864127	0.00838314
-1.91539	-0.750461	0.0206733
-1.92993	-0.639395	0.0245784
-1.92614	-0.564359	0.0428198
-1.92541	-0.485984	0.1009
-1.92087	-0.360787	0.206683
-1.919	-0.248979	0.264499
-1.92156	-0.145524	0.297889
-1.91335	-0.040645	0.322491
-1.90646	0.0543698	0.354371
-1.9054	0.153247	0.328077
-1.91096	0.271725	0.267673
-1.91896	0.369838	0.217578
-1.92214	0.449287	0.154125
-1.92488	0.541652	0.0678666
-1.92966	0.633366	0.0329262
-1.92297	0.751578	0.0150188
-1.91586	0.854005	0.00470156
-1.91534	0.972815	-0.0048218
-1.9211	1.0786	-0.0152692
-1.90948	1.16015	-0.0113151
-1.9162	1.25788	0.00509508
-1.91047	1.34987	0.00147263
-1.86735	1.58722	-0.00762742
-1.62029	1.76124	-0.0186553

-1.72203	-1.98765	0.0185098
-1.76584	-1.96883	0.0014592
-1.80792	-1.93727	-0.00995582
-1.83664	-1.89625	-0.0025339
-1.85089	-1.85201	0.0020128
-1.85975	-1.78995	0.00398975
-1.87036	-1.7293	0.000306919
-1.87343	-1.65854	0.00652051
-1.87265	-1.55865	0.00214351
-1.87819	-1.47813	-0.00595744
-1.88387	-1.38326	-0.0154898
-1.88777	-1.284	-0.00544917
-1.88912	-1.20294	-0.0173826
-1.89254	-1.09692	-0.00303271
-1.8947	-1.00995	0.0119236
-1.88224	-0.928251	0.0167268
-1.86845	-0.812359	0.0363195
-1.88656	-0.714257	0.0431721
-1.89696	-0.604448	0.0789291
-1.90315	-0.522931	0.135108
-1.89213	-0.398659	0.265086
-1.88113	-0.303121	0.330393
-1.88441	-0.195202	0.352218
-1.88169	-0.0937757	0.368495
-1.87849	0.0134899	0.391895
-1.87283	0.104444	0.389939
-1.87448	0.223254	0.362162
-1.88972	0.326943	0.300164
-1.8955	0.421931	0.234773
-1.8922	0.504331	0.184287
-1.89069	0.594514	0.171896
-1.88887	0.687139	0.102973
-1.87982	0.795261	0.0385409
-1.87997	0.903391	0.013054
-1.87932	0.988642	0.00399381
-1.88166	1.10644	-0.000461919
-1.88406	1.20653	-0.00264317
-1.87738	1.28768	0.00135724
-1.83496	1.51148	-0.00272774
-1.4527	1.81081	-0.00497334

-1.64695	-1.98618	0.00323061
-1.69055	-1.97038	-0.00704957
-1.73697	-1.94222	0.014586
-1.76323	-1.90654	0.019707
-1.77165	-1.86257	0.0101862
-1.79324	-1.8037	-0.00449977
-1.81571	-1.74677	0.00506654
-1.82898	-1.67986	0.0124736
-1.83457	-1.60041	-0.0131451
-1.83698	-1.52255	-0.0130107
-1.84404	-1.42005	-0.0155299
-1.84611	-1.33622	-0.00403624
-1.84521	-1.24988	-0.00449094
-1.85656	-1.13857	0.00660891
-1.85152	-1.05011	0.00471226
-1.84433	-0.966065	-0.00196687
-1.84552	-0.849448	0.0381117
-1.85452	-0.750955	0.0965229
-1.86353	-0.652273	0.147808
-1.85797	-0.566459	0.232287
-1.85197	-0.452795	0.332138
-1.85141	-0.348487	0.378823
-1.85004	-0.251041	0.380719
-1.84781	-0.167118	0.403791
-1.84184	-0.0427976	0.445289
-1.83943	0.0642236	0.449239
-1.83888	0.164838	0.43279
-1.83945	0.258311	0.402102
-1.8544	0.378907	0.328602
-1.84944	0.441756	0.316564
-1.84758	0.541761	0.28929
-1.84618	0.636142	0.246155
-1.8464	0.728078	0.161232
-1.84796	0.835771	0.0634151
-1.84028	0.934081	0.0265206
-1.84739	1.0626	0.00113689
-1.84902	1.16171	-0.00394826
-1.84015	1.25079	0.00766506
-1.8016	1.43162	0.0244196
-1.20663	1.82744	0.00283716

-1.56601	-1.98318	0.00469469
-1.60304	-1.96807	0.00148287
-1.65255	-1.94272	0.0323244
-1.68733	-1.91189	0.0216147
-1.70168	-1.87669	0.00363905
-1.72935	-1.82499	-0.0121169
-1.74404	-1.7621	0.00268519
-1.77092	-1.69428	0.0158468
-1.78738	-1.62877	0.000173029
-1.78964	-1.56711	-0.00460308
-1.79834	-1.47001	-0.00668595
-1.79782	-1.37712	-0.00550602
-1.78935	-1.28393	-0.0100448
-1.80436	-1.18796	0.0093237
-1.80148	-1.10384	0.0022004
-1.80304	-1.00956	-0.0109992
-1.8021	-0.905792	0.0645008
-1.81129	-0.774013	0.170279
-1.8189	-0.68643	0.227529
-1.81931	-0.595678	0.320795
-1.82058	-0.50749	0.370846
-1.81947	-0.39449	0.392581
-1.8197	-0.303972	0.40897
-1.80842	-0.223573	0.446662
-1.80525	-0.113047	0.477616
-1.80844	0.00460194	0.468754
-1.80828	0.099846	0.47174
-1.80265	0.177759	0.466761
-1.82128	0.334506	0.399165
-1.81383	0.40681	0.399935
-1.80441	0.502616	0.378162
-1.81371	0.591919	0.333884
-1.82047	0.675529	0.255538
-1.81188	0.789779	0.144882
-1.79505	0.88776	0.106489
-1.80115	0.99792	0.0472181
-1.79815	1.09895	0.0221215
-1.79164	1.19612	0.00671427
-1.76996	1.35785	-0.00693348
-1.16674	1.77011	0.0193889

-1.47677	-1.98445	-0.00830772
-1.50947	-1.96555	-0.00506842
-1.55656	-1.94228	0.0046209
-1.6039	-1.91155	-0.0118373
-1.62675	-1.87974	-0.0056392
-1.65383	-1.82661	0.0058688
-1.67084	-1.77557	0.0101332
-1.70785	-1.7068	0.0010997
-1.73125	-1.65024	-0.00143312
-1.74005	-1.59742	-0.0055377
-1.74531	-1.51555	0.0029911
-1.74912	-1.42219	0.00822879
-1.74345	-1.31756	-0.00486846
-1.75803	-1.20807	0.0260858
-1.76324	-1.13287	0.020462
-1.76248	-1.04049	0.0101127
-1.76061	-0.94045	0.100445
-1.76081	-0.836354	0.219787
-1.76136	-0.751558	0.296877
-1.76588	-0.657476	0.360501
-1.76581	-0.549814	0.423329
-1.77314	-0.442954	0.446853
-1.77934	-0.35272	0.458858
-1.77553	-0.262149	0.481618
-1.77107	-0.164565	0.503147
-1.77705	-0.061126	0.480874
-1.78126	0.0530781	0.474687
-1.76962	0.143539	0.494575
-1.77405	0.267898	0.464389
-1.7659	0.346307	0.480985
-1.76533	0.446311	0.460773
-1.76981	0.546106	0.405241
-1.76394	0.628949	0.361888
-1.75768	0.720011	0.320044
-1.75822	0.823968	0.239471
-1.76119	0.938757	0.132321
-1.75974	1.03336	0.050579
-1.7547	1.13539	0.022304
-1.75295	1.2782	0.000878458
-1.26425	1.63217	0.0464244

-1.38219	-1.98332	-0.013002
-1.42881	-1.96997	-0.00665299
-1.47053	-1.94379	-0.00328243
-1.52426	-1.91338	-0.00443425
-1.54401	-1.88448	-0.00762285
-1.5787	-1.83199	-0.00385201
-1.60176	-1.78136	-0.0102746
-1.64005	-1.72432	-0.0121271
-1.66867	-1.66691	0.00680052
-1.68267	-1.61121	0.00928551
-1.68923	-1.53335	0.00917485
-1.69663	-1.45761	0.00474016
-1.69025	-1.34738	-0.0141277
-1.70056	-1.24585	0.0133553
-1.70752	-1.16224	0.0345548
-1.70484	-1.07556	0.0705453
-1.71426	-0.982961	0.155053
-1.71837	-0.888562	0.247314
-1.71919	-0.787846	0.331966
-1.71804	-0.694917	0.381158
-1.71584	-0.600433	0.43892
-1.72362	-0.490032	0.469077
-1.72721	-0.414886	0.484489
-1.72567	-0.29453	0.522568
-1.72088	-0.193034	0.551344
-1.72152	-0.112575	0.537074
-1.72642	-0.00324051	0.52188
-1.72793	0.104544	0.517994
-1.73255	0.20393	0.49937
-1.72564	0.297157	0.516139
-1.71552	0.396937	0.523891
-1.71622	0.495067	0.490673
-1.72159	0.579409	0.451237
-1.71835	0.682516	0.408203
-1.71569	0.773941	0.353724
-1.72126	0.891284	0.251762
-1.72594	1.00223	0.115882
-1.725	1.11106	0.0168503
-1.70541	1.22096	0.000761592
-1.4096	1.55179	0.0244435

-1.28361	-1.98389	-0.00166945
-1.32673	-1.97088	0.0222774
-1.35898	-1.95071	0.0158861
-1.43556	-1.91767	0.00741776
-1.4655	-1.88432	-0.00971324
-1.50776	-1.8312	-0.00610109
-1.53424	-1.78265	-0.011963
-1.56834	-1.73102	-0.0200447
-1.60227	-1.67114	-0.00675856
-1.61853	-1.61287	0.0049583
-1.63182	-1.5424	0.0205067
-1.62764	-1.48162	0.012123
-1.63042	-1.39812	-0.00468247
-1.63789	-1.32117	0.00977102
-1.64634	-1.21614	0.0422546
-1.64698	-1.0979	0.148819
-1.6657	-1.00785	0.221565
-1.66147	-0.911497	0.317608
-1.66038	-0.813598	0.395227
-1.66744	-0.740464	0.423431
-1.66134	-0.647462	0.464632
-1.67259	-0.528576	0.497743
-1.66376	-0.449667	0.532195
-1.66953	-0.357894	0.557757
-1.67657	-0.257332	0.574092
-1.66398	-0.147005	0.577559
-1.66553	-0.0429086	0.565217
-1.68175	0.0662703	0.557586
-1.68388	0.15459	0.552093
-1.6791	0.253711	0.568622
-1.67892	0.362372	0.568808
-1.67938	0.456001	0.547537
-1.68448	0.544444	0.495834
-1.67871	0.626132	0.478952
-1.66808	0.744561	0.436549
-1.66969	0.86167	0.364164
-1.6717	0.968402	0.254369
-1.67821	1.08879	0.0956121
-1.67021	1.1991	0.0355856
-1.56049	1.48005	0.013936

-1.18478	-1.98258	-0.00282736
-1.23577	-1.9727	0.0154928
-1.27354	-1.9572	0.0138634
-1.3282	-1.9227	0.00460719
-1.36767	-1.8887	-0.0097338
-1.40972	-1.8435	0.0160358
-1.44562	-1.79636	0.00814921
-1.47625	-1.74188	-0.0032597
-1.52293	-1.66949	0.00430506
-1.5408	-1.61458	0.00624607
-1.55734	-1.55624	0.00445319
-1.56368	-1.48244	-0.00252868
-1.58813	-1.41911	-0.00501523
-1.59599	-1.35009	0.0129342
-1.58917	-1.22871	0.116993
-1.58724	-1.11561	0.246229
-1.59989	-1.03617	0.303506
-1.60499	-0.945957	0.364721
-1.6189	-0.849658	0.417599
-1.61589	-0.774331	0.475233
-1.61615	-0.69312	0.508711
-1.61388	-0.600441	0.526615
-1.61573	-0.49454	0.552751
-1.62402	-0.389327	0.573278
-1.61609	-0.284024	0.592817
-1.60615	-0.152973	0.60063
-1.60918	-0.0659511	0.599938
-1.63309	0.0304166	0.592944
-1.6359	0.126929	0.575651
-1.62648	0.215651	0.584477
-1.6323	0.312245	0.58323
-1.63159	0.421077	0.565859
-1.6414	0.530128	0.527772
-1.62586	0.611773	0.535206
-1.6158	0.707221	0.523069
-1.60328	0.810536	0.473212
-1.60876	0.919161	0.402509
-1.62028	1.05066	0.258018
-1.62571	1.16727	0.112528
-1.58132	1.39711	0.025721

-1.10376	-1.98448	0.0131117
-1.14509	-1.97113	0.0142463
-1.17833	-1.95221	0.0131346
-1.23257	-1.92222	0.0159134
-1.2883	-1.88807	-0.0162379
-1.33141	-1.85357	0.00609336
-1.36351	-1.80656	-0.00219073
-1.37753	-1.74895	-0.00468497
-1.41023	-1.6872	-0.00901137
-1.45287	-1.62186	-0.00508603
-1.4699	-1.5648	-0.000844021
-1.50345	-1.47847	0.0012484
-1.52895	-1.41915	-0.00489796
-1.52143	-1.35416	0.0335732
-1.53109	-1.26197	0.117997
-1.53577	-1.16678	0.254598
-1.53921	-1.06482	0.369135
-1.54787	-0.96488	0.441313
-1.56107	-0.876581	0.464768
-1.55928	-0.793625	0.514925
-1.56692	-0.706517	0.537517
-1.56129	-0.617567	0.557093
-1.55912	-0.506241	0.594626
-1.55655	-0.405773	0.604864
-1.5461	-0.309889	0.639479
-1.54792	-0.192421	0.642053
-1.54708	-0.098382	0.648307
-1.55151	-0.000899669	0.625315
-1.57335	0.0776374	0.604358
-1.58009	0.169884	0.603712
-1.56936	0.285935	0.597952
-1.57038	0.39671	0.582268
-1.57445	0.48814	0.571999
-1.57404	0.579208	0.567585
-1.56564	0.682386	0.561682
-1.54435	0.779615	0.530937
-1.54813	0.875176	0.497539
-1.55773	0.97423	0.422738
-1.57906	1.10998	0.258527
-1.55708	1.31654	0.0741654

-1.00133	-1.98352	0.0203681
-1.04402	-1.97507	0.0197429
-1.07516	-1.95672	0.00959712
-1.11825	-1.92715	0.00229211
-1.19764	-1.89004	0.000566157
-1.23996	-1.85852	0.00262796
-1.26953	-1.81334	-0.00338936
-1.29173	-1.76146	-0.011663
-1.3161	-1.70657	-0.00552922
-1.36858	-1.63085	0.00423725
-1.39	-1.57326	0.00151731
-1.4228	-1.50146	0.0221751
-1.44547	-1.43432	0.0395162
-1.45218	-1.35757	0.136561
-1.47589	-1.28042	0.205337
-1.47774	-1.21861	0.287986
-1.47397	-1.09168	0.419924
-1.48634	-0.969734	0.496382
-1.49707	-0.885709	0.515715
-1.49278	-0.801856	0.554857
-1.49508	-0.723303	0.597297
-1.49055	-0.655432	0.609602
-1.48621	-0.549883	0.620713
-1.48112	-0.439957	0.62707
-1.4892	-0.369352	0.636329
-1.49195	-0.261934	0.649944
-1.48526	-0.139845	0.66798
-1.493	-0.0364512	0.646304
-1.52023	0.0516932	0.626627
-1.51308	0.146358	0.632165
-1.50372	0.255019	0.631923
-1.50805	0.359726	0.616599
-1.50939	0.466887	0.617898
-1.512	0.543467	0.615235
-1.51285	0.640381	0.600681
-1.50083	0.756063	0.571365
-1.50673	0.864555	0.526289
-1.51432	0.952132	0.472999
-1.53184	1.06651	0.37854
-1.49344	1.24031	0.25586

-0.898905	-1.98546	0.0156088
-0.948096	-1.97603	0.00769417
-0.984351	-1.95409	0.0244354
-1.02082	-1.93094	0.0106952
-1.10358	-1.89247	-0.00244385
-1.15194	-1.86058	-0.000884057
-1.19452	-1.81865	-0.00340515
-1.2214	-1.76582	-0.00922199
-1.23851	-1.70763	0.00168004
-1.26847	-1.64307	0.0209584
-1.30747	-1.58516	0.028539
-1.34259	-1.51361	0.0875743
-1.37023	-1.44358	0.144342
-1.38542	-1.37215	0.238222
-1.4175	-1.28717	0.295932
-1.41343	-1.22058	0.378644
-1.40523	-1.12701	0.455235
-1.42068	-1.0211	0.496503
-1.41886	-0.938527	0.533367
-1.41608	-0.847	0.570953
-1.43604	-0.750042	0.608606
-1.43701	-0.671817	0.61822
-1.42673	-0.578391	0.632637
-1.43372	-0.469414	0.627308
-1.43927	-0.394518	0.628881
-1.43253	-0.288711	0.64625
-1.42026	-0.168442	0.655719
-1.42232	-0.0699545	0.656048
-1.4475	0.0323492	0.650186
-1.45326	0.120236	0.645659
-1.45454	0.239245	0.64218
-1.44292	0.335798	0.636712
-1.44097	0.448881	0.64347
-1.44442	0.542336	0.629098
-1.43647	0.611678	0.617793
-1.43285	0.71013	0.595146
-1.44387	0.826705	0.555946
-1.44905	0.92056	0.51897
-1.4652	1.02981	0.462216
-1.45627	1.17844	0.365733

-0.810307	-1.98223	-0.00119217
-0.85229	-1.96923	0.00106081
-0.909405	-1.94851	0.0170104
-0.9326	-1.92831	0.00536335
-1.01154	-1.89215	-0.00921082
-1.06656	-1.8595	0.000755588
-1.09798	-1.80919	0.00679901
-1.11955	-1.77371	-0.00240942
-1.15109	-1.71925	-0.00178977
-1.18816	-1.65343	0.02172
-1.21864	-1.59283	0.0682338
-1.24344	-1.53006	0.165538
-1.28844	-1.45769	0.253127
-1.30797	-1.38613	0.328214
-1.33606	-1.29821	0.386519
-1.34157	-1.2335	0.452656
-1.34352	-1.15678	0.49311
-1.36063	-1.0597	0.532177
-1.35522	-0.963746	0.563005
-1.34664	-0.874678	0.580486
-1.36409	-0.791356	0.608334
-1.36086	-0.702259	0.623398
-1.35481	-0.605943	0.6376
-1.36814	-0.481611	0.649351
-1.35961	-0.40016	0.652287
-1.3581	-0.315543	0.663771
-1.36681	-0.211687	0.657448
-1.37717	-0.106424	0.654936
-1.3806	0.00539538	0.656219
-1.37537	0.096414	0.655581
-1.37819	0.212155	0.660837
-1.37619	0.300547	0.65372
-1.37019	0.408424	0.662721
-1.38047	0.523084	0.65192
-1.3709	0.604316	0.645326
-1.36605	0.694508	0.627358
-1.37899	0.815056	0.584865
-1.37877	0.910597	0.569954
-1.37199	1.01582	0.539208
-1.39869	1.11759	0.45535

-0.692499	-1.98162	0.00230764
-0.742979	-1.97099	0.0219497
-0.794213	-1.95375	0.0303094
-0.820405	-1.92952	0.0283294
-0.886617	-1.8952	-0.00305052
-0.930151	-1.86112	0.00512427
-0.997301	-1.82177	0.00806535
-1.03324	-1.78338	0.0132585
-1.06312	-1.73621	0.0380131
-1.11333	-1.66561	0.076284
-1.13756	-1.60996	0.147175
-1.157	-1.54765	0.256681
-1.20539	-1.47498	0.340686
-1.22323	-1.41391	0.379565
-1.25258	-1.32336	0.43229
-1.27296	-1.24216	0.493916
-1.27604	-1.15392	0.53303
-1.28041	-1.06095	0.56871
-1.27969	-0.966635	0.581228
-1.27311	-0.878828	0.612234
-1.28842	-0.802825	0.624873
-1.29134	-0.717916	0.648051
-1.27594	-0.630604	0.657682
-1.2894	-0.510662	0.670683
-1.29391	-0.414522	0.664242
-1.29081	-0.321216	0.665719
-1.29867	-0.237126	0.664213
-1.30201	-0.117548	0.656656
-1.30335	-0.0233214	0.665803
-1.29806	0.0649281	0.653941
-1.31362	0.192475	0.664072
-1.31498	0.284848	0.662572
-1.30754	0.369668	0.65856
-1.30868	0.487528	0.656105
-1.30379	0.584485	0.658362
-1.29583	0.675413	0.666718
-1.30819	0.785389	0.635288
-1.31781	0.880373	0.608483
-1.32935	0.989868	0.570744
-1.33912	1.14152	0.479451

-0.563806	-1.9831	-0.00682297
-0.643438	-1.97494	0.0162833
-0.687395	-1.95714	0.0237216
-0.718351	-1.92847	0.0319791
-0.788844	-1.89886	0.0127614
-0.860891	-1.85975	0.0165284
-0.919465	-1.82078	0.0244066
-0.95844	-1.78471	0.0507727
-0.969236	-1.73637	0.14675
-1.03859	-1.66987	0.184801
-1.06242	-1.61709	0.246325
-1.06788	-1.55604	0.341228
-1.11469	-1.48267	0.400964
-1.14021	-1.41786	0.449002
-1.15322	-1.34519	0.48894
-1.17029	-1.26628	0.529544
-1.17918	-1.18114	0.558475
-1.17264	-1.07194	0.5926
-1.18591	-0.994389	0.613901
-1.19749	-0.908636	0.64283
-1.2205	-0.805564	0.64003
-1.22651	-0.716286	0.662205
-1.21111	-0.637267	0.662312
-1.22306	-0.531195	0.652159
-1.22302	-0.427565	0.655893
-1.21775	-0.330691	0.649478
-1.21187	-0.246242	0.656561
-1.22949	-0.139202	0.677909
-1.23046	-0.0542871	0.67224
-1.21683	0.0328887	0.64536
-1.23152	0.140538	0.657568
-1.24573	0.235313	0.66646
-1.23889	0.35101	0.656995
-1.22921	0.46682	0.654621
-1.23178	0.563796	0.665392
-1.22389	0.641009	0.664922
-1.23019	0.753995	0.6682
-1.24145	0.854698	0.640471
-1.24989	0.991475	0.60713
-1.24324	1.26664	0.454788

-0.474391	-1.98254	-0.00506936
-0.542503	-1.97153	0.0112886
-0.604405	-1.95034	0.026935
-0.647689	-1.92296	0.0395114
-0.694901	-1.89633	0.0474417
-0.767421	-1.85585	0.0736431
-0.827231	-1.82032	0.0715055
-0.86399	-1.78151	0.133962
-0.883253	-1.73601	0.241102
-0.936022	-1.67451	0.304658
-0.97536	-1.61481	0.348733
-0.985808	-1.554	0.425806
-1.00836	-1.48734	0.475155
-1.04608	-1.42487	0.502889
-1.07335	-1.35289	0.527945
-1.09738	-1.26889	0.552662
-1.08883	-1.1921	0.588934
-1.09687	-1.09133	0.607584
-1.10917	-1.00973	0.637275
-1.11618	-0.920695	0.675944
-1.13583	-0.821035	0.669991
-1.1455	-0.726066	0.659695
-1.13639	-0.642427	0.670294
-1.13933	-0.557669	0.65865
-1.14177	-0.446237	0.653463
-1.1403	-0.35702	0.636115
-1.13693	-0.268265	0.637979
-1.15874	-0.15564	0.648618
-1.16052	-0.0711548	0.63489
-1.15214	0.0341795	0.639888
-1.17027	0.132746	0.655136
-1.16662	0.220271	0.654929
-1.15735	0.319554	0.638763
-1.14816	0.434537	0.636123
-1.15478	0.540018	0.654447
-1.14185	0.62284	0.666575
-1.1453	0.742576	0.677773
-1.14197	0.850191	0.655978
-1.15711	0.990045	0.631849
-1.19275	1.21188	0.522201

-0.364152	-1.98433	-0.00233392
-0.409072	-1.97237	0.020938
-0.488558	-1.9434	0.0796618
-0.561539	-1.91963	0.0823353
-0.597753	-1.89796	0.110672
-0.653638	-1.8565	0.176935
-0.709749	-1.81501	0.202157
-0.754782	-1.77728	0.248901
-0.800332	-1.73465	0.318985
-0.838836	-1.67889	0.38009
-0.871914	-1.61929	0.426691
-0.900375	-1.55661	0.468391
-0.928655	-1.49608	0.508238
-0.955672	-1.42798	0.555588
-0.970145	-1.36297	0.564155
-1.00337	-1.27995	0.578605
-1.01136	-1.20327	0.609885
-1.02061	-1.10858	0.634165
-1.01841	-1.01806	0.639339
-1.0212	-0.940559	0.676868
-1.04137	-0.848543	0.669594
-1.05115	-0.762958	0.659982
-1.04901	-0.656102	0.665124
-1.0442	-0.580468	0.646423
-1.06163	-0.489846	0.631631
-1.06282	-0.405061	0.624154
-1.05351	-0.284932	0.61476
-1.07394	-0.183449	0.622382
-1.07775	-0.0921639	0.618955
-1.08613	0.0125506	0.61797
-1.09344	0.117883	0.627973
-1.08057	0.217109	0.63177
-1.08245	0.304712	0.630261
-1.07962	0.413382	0.620577
-1.08251	0.517058	0.638661
-1.05486	0.607885	0.661116
-1.05941	0.711786	0.665459
-1.07939	0.846777	0.663057
-1.09511	0.96727	0.648942
-1.13478	1.13881	0.58188

-0.272969	-1.98339	0.0188123
-0.304692	-1.97246	0.0547823
-0.366926	-1.94892	0.105687
-0.464389	-1.91922	0.157261
-0.502041	-1.89489	0.207707
-0.559961	-1.85629	0.259544
-0.603443	-1.81633	0.291112
-0.65242	-1.77629	0.337603
-0.698694	-1.73243	0.387295
-0.736916	-1.67228	0.432823
-0.75946	-1.6268	0.471999
-0.806133	-1.5673	0.524993
-0.830103	-1.51102	0.552307
-0.879813	-1.43085	0.578711
-0.890548	-1.35997	0.584759
-0.920356	-1.28319	0.603961
-0.935058	-1.20841	0.649052
-0.943866	-1.13088	0.656305
-0.946376	-1.03971	0.648551
-0.948451	-0.948661	0.681254
-0.956784	-0.861209	0.676214
-0.960453	-0.771348	0.663122
-0.973692	-0.661931	0.647101
-0.97726	-0.578727	0.624941
-0.987384	-0.498825	0.605046
-0.972398	-0.420489	0.58493
-0.967009	-0.294381	0.589541
-0.979612	-0.208938	0.587199
-0.99602	-0.11607	0.587404
-1.00868	-0.0103582	0.579598
-1.00608	0.104017	0.569728
-1.0113	0.187532	0.585265
-1.00456	0.285917	0.606064
-0.995906	0.377959	0.599445
-1.00068	0.485644	0.614049
-0.984933	0.595557	0.640871
-0.974213	0.701014	0.661526
-0.998453	0.805501	0.660776
-0.992692	0.967326	0.656202
-1.02081	1.09926	0.638189

-0.174278	-1.9818	0.0653787
-0.229637	-1.96581	0.117855
-0.282303	-1.94283	0.180076
-0.35043	-1.91754	0.244744
-0.396242	-1.88656	0.306127
-0.467249	-1.85357	0.335759
-0.50854	-1.81636	0.364327
-0.55923	-1.76423	0.414959
-0.59514	-1.7194	0.452618
-0.651844	-1.66806	0.479962
-0.67198	-1.62418	0.520416
-0.724769	-1.56561	0.5603
-0.731607	-1.50727	0.582067
-0.776561	-1.43312	0.582575
-0.804141	-1.37373	0.59622
-0.829745	-1.30265	0.644004
-0.850118	-1.22963	0.668983
-0.856583	-1.14729	0.647885
-0.850172	-1.06027	0.641227
-0.869278	-0.956562	0.674402
-0.863717	-0.886914	0.65452
-0.869893	-0.795357	0.633421
-0.876526	-0.699049	0.617924
-0.890221	-0.596143	0.594844
-0.904131	-0.515302	0.578498
-0.880877	-0.425836	0.535017
-0.89214	-0.321222	0.530367
-0.893941	-0.246176	0.518648
-0.911425	-0.138681	0.524732
-0.924944	-0.025972	0.517801
-0.929119	0.0957698	0.51757
-0.931678	0.163605	0.541885
-0.929655	0.25663	0.560614
-0.926771	0.350468	0.559902
-0.910296	0.456747	0.575006
-0.902167	0.563832	0.606369
-0.915525	0.662325	0.633878
-0.91798	0.763655	0.647542
-0.925108	0.926959	0.65035
-0.705616	1.11045	0.661939

-0.0441096	-1.98342	0.119441
-0.0874097	-1.9803	0.122193
-0.152257	-1.95573	0.190084
-0.225734	-1.92425	0.278463
-0.298194	-1.88959	0.334489
-0.36918	-1.84883	0.388085
-0.400705	-1.8097	0.423798
-0.451565	-1.76306	0.458539
-0.489256	-1.71031	0.490341
-0.55545	-1.6707	0.505322
-0.585108	-1.62974	0.541111
-0.635623	-1.55548	0.591808
-0.641858	-1.49227	0.602298
-0.694734	-1.42994	0.6015
-0.719	-1.36883	0.597195
-0.74628	-1.30019	0.647374
-0.768096	-1.21859	0.681133
-0.778164	-1.15393	0.650295
-0.766728	-1.08456	0.643845
-0.794838	-0.959487	0.667419
-0.794048	-0.873753	0.652248
-0.805474	-0.791863	0.627151
-0.791767	-0.699007	0.589558
-0.805454	-0.600932	0.573135
-0.804214	-0.510353	0.53539
-0.797152	-0.434717	0.501715
-0.817042	-0.31838	0.473894
-0.812442	-0.223934	0.444821
-0.81632	-0.124393	0.410274
-0.816152	-0.0136522	0.402633
-0.842727	0.0952186	0.449963
-0.847878	0.173642	0.480179
-0.843084	0.25732	0.490089
-0.844271	0.330349	0.506575
-0.82493	0.423285	0.507995
-0.831086	0.5415	0.556151
-0.842929	0.634878	0.592314
-0.84369	0.741566	0.614869
-0.846349	0.8677	0.639554
-0.535116	1.12832	0.657915

0.0278979	-1.98504	0.114137
-0.0264532	-1.97893	0.135454
-0.0912904	-1.95171	0.216924
-0.146821	-1.92312	0.299275
-0.198394	-1.892	0.339683
-0.248433	-1.84958	0.396262
-0.297561	-1.80502	0.431979
-0.336703	-1.76803	0.467526
-0.386109	-1.71762	0.501291
-0.453251	-1.677	0.525117
-0.481322	-1.62183	0.56482
-0.535452	-1.56178	0.59292
-0.557382	-1.50065	0.60546
-0.59534	-1.43333	0.631544
-0.614393	-1.36464	0.625926
-0.63947	-1.30458	0.64717
-0.677396	-1.21892	0.665145
-0.694184	-1.15895	0.65655
-0.677747	-1.07901	0.655745
-0.684734	-0.983202	0.654698
-0.703753	-0.888422	0.638785
-0.711058	-0.796394	0.596924
-0.70321	-0.706569	0.555625
-0.693954	-0.601549	0.514767
-0.712994	-0.521238	0.464908
-0.707064	-0.440401	0.418981
-0.709338	-0.33203	0.355699
-0.714481	-0.232033	0.308739
-0.716731	-0.134111	0.263354
-0.721844	-0.0205793	0.245625
-0.735695	0.0766353	0.273718
-0.743272	0.162176	0.322398
-0.759025	0.25055	0.383173
-0.776147	0.328778	0.439474
-0.755111	0.423649	0.46755
-0.753085	0.542039	0.517756
-0.74734	0.655906	0.582088
-0.750737	0.743673	0.616581
-0.765603	0.86995	0.645957
-0.610501	1.15374	0.658815

0.124004	-1.98429	0.0992925
0.0728562	-1.97316	0.14992
0.0150218	-1.95129	0.228686
-0.0482107	-1.92146	0.321899
-0.0951535	-1.89496	0.34402
-0.139472	-1.84843	0.403221
-0.195158	-1.79825	0.440747
-0.241665	-1.76261	0.471843
-0.300387	-1.71494	0.516006
-0.337812	-1.67462	0.547879
-0.376804	-1.62118	0.5739
-0.439002	-1.56606	0.606143
-0.45476	-1.51582	0.602259
-0.487781	-1.44176	0.625935
-0.529395	-1.35834	0.636834
-0.554205	-1.30215	0.647725
-0.58178	-1.22745	0.653919
-0.58715	-1.16307	0.655517
-0.591916	-1.07906	0.651572
-0.59552	-1.01008	0.649656
-0.61052	-0.914882	0.622947
-0.618703	-0.821047	0.56886
-0.604788	-0.724105	0.525254
-0.616366	-0.618481	0.473292
-0.623604	-0.525171	0.384944
-0.623119	-0.426005	0.282497
-0.631382	-0.315381	0.209596
-0.64128	-0.227885	0.177722
-0.626129	-0.147192	0.118585
-0.617031	-0.0400855	0.0811111
-0.629424	0.0659654	0.0922817
-0.651208	0.153567	0.136891
-0.674459	0.255226	0.235114
-0.694984	0.347733	0.334757
-0.676021	0.430684	0.386307
-0.654819	0.531943	0.438525
-0.648805	0.64657	0.524794
-0.652794	0.738947	0.573505
-0.681738	0.871984	0.628011
-0.839028	1.23778	0.597767

0.225534	-1.98551	0.0629282
0.157877	-1.97294	0.145212
0.117121	-1.94975	0.214691
0.0520072	-1.92353	0.286274
0.00528223	-1.90072	0.331924
-0.0562205	-1.85501	0.411904
-0.104746	-1.80292	0.460699
-0.134024	-1.76292	0.49847
-0.199539	-1.71377	0.527617
-0.2398	-1.66842	0.567559
-0.262031	-1.61403	0.578228
-0.337583	-1.56033	0.604962
-0.365958	-1.51223	0.621011
-0.381913	-1.4342	0.64639
-0.41751	-1.36953	0.647895
-0.445868	-1.3043	0.655075
-0.474914	-1.23313	0.664147
-0.492677	-1.17688	0.655333
-0.508546	-1.09002	0.659085
-0.517216	-1.01314	0.650282
-0.532044	-0.918911	0.606937
-0.526067	-0.833243	0.542818
-0.517672	-0.740399	0.494492
-0.514643	-0.629255	0.395248
-0.523625	-0.534216	0.294674
-0.526189	-0.438232	0.158279
-0.534749	-0.334016	0.0901487
-0.543234	-0.227466	0.0735056
-0.534459	-0.134855	0.0352301
-0.527776	-0.0397804	0.0104149
-0.535499	0.0634857	0.00703289
-0.554813	0.153272	0.0290134
-0.57131	0.248155	0.0851405
-0.59406	0.347777	0.16835
-0.586215	0.422278	0.239014
-0.557188	0.52267	0.334087
-0.547825	0.635902	0.449617
-0.552441	0.739149	0.52351
-0.597399	0.87938	0.59453
-0.848944	1.32017	0.600577

0.319279	-1.98534	0.037143
0.258738	-1.97154	0.102489
0.212657	-1.95168	0.193139
0.13775	-1.92279	0.278946
0.0796166	-1.89029	0.356798
0.0236474	-1.85625	0.428223
-0.0158754	-1.8079	0.465693
-0.0503555	-1.75681	0.515422
-0.0946205	-1.70703	0.529795
-0.139551	-1.65955	0.586027
-0.162088	-1.60934	0.603571
-0.231164	-1.56132	0.617475
-0.254391	-1.49747	0.650323
-0.284524	-1.43761	0.667275
-0.304205	-1.37796	0.666932
-0.333298	-1.30809	0.659596
-0.387281	-1.22599	0.659819
-0.403424	-1.16249	0.650355
-0.411538	-1.08699	0.641864
-0.423663	-0.997041	0.642497
-0.438126	-0.921527	0.602418
-0.435964	-0.830872	0.52705
-0.420401	-0.752276	0.469806
-0.42192	-0.650236	0.349959
-0.436952	-0.570483	0.260665
-0.446275	-0.465419	0.131782
-0.43896	-0.358921	0.0465475
-0.437868	-0.241846	0.00716368
-0.441209	-0.156769	0.0011853
-0.434949	-0.0687564	-0.00251124
-0.429018	0.0350039	-0.0138261
-0.450492	0.139991	0.00748453
-0.453785	0.222946	0.0241371
-0.47753	0.335268	0.0572182
-0.495296	0.422553	0.0997145
-0.485954	0.509367	0.200772
-0.470303	0.601724	0.326024
-0.454258	0.748665	0.478043
-0.508664	0.913632	0.573597
-0.668572	1.32849	0.600848

0.408499	-1.97961	0.0193635
0.350778	-1.96539	0.083056
0.293504	-1.94944	0.168792
0.239989	-1.91844	0.268016
0.18438	-1.88717	0.34127
0.118291	-1.85376	0.406811
0.0906439	-1.80986	0.460766
0.0471892	-1.76228	0.511428
-0.00142673	-1.70482	0.529774
-0.0539921	-1.64283	0.602202
-0.087816	-1.60119	0.614065
-0.137298	-1.55435	0.627644
-0.169953	-1.48937	0.652854
-0.192977	-1.42383	0.669782
-0.21239	-1.35106	0.678571
-0.220696	-1.30085	0.662362
-0.260201	-1.22596	0.653481
-0.285894	-1.1506	0.640056
-0.29303	-1.09023	0.637739
-0.321075	-1.01333	0.622908
-0.326092	-0.90691	0.573055
-0.342263	-0.826225	0.509926
-0.329774	-0.74472	0.415485
-0.345237	-0.648549	0.296642
-0.353361	-0.566475	0.155796
-0.361618	-0.473238	0.0707427
-0.358339	-0.373021	0.0234828
-0.366426	-0.260619	0.00197159
-0.36824	-0.172323	0.00500117
-0.358998	-0.0763942	0.00108648
-0.350713	0.030589	-0.0139414
-0.366335	0.135798	-0.00327281
-0.368033	0.233818	0.0173795
-0.37433	0.328122	0.0258797
-0.39926	0.422894	0.0419054
-0.406184	0.506702	0.105268
-0.378737	0.597829	0.234731
-0.375794	0.722854	0.394765
-0.437432	0.923648	0.573525
-0.625267	1.44519	0.545161

0.50055	-1.97728	-0.00514497
0.457679	-1.96608	0.0331001
0.40626	-1.94644	0.125804
0.340384	-1.91754	0.234716
0.286281	-1.88722	0.335851
0.230637	-1.85228	0.392144
0.188894	-1.80938	0.451445
0.152921	-1.7577	0.490586
0.120998	-1.70633	0.525528
0.0687638	-1.65314	0.568965
0.0242578	-1.59978	0.597623
-0.0291609	-1.53729	0.617087
-0.0448434	-1.48545	0.633135
-0.0678533	-1.42378	0.644786
-0.100343	-1.35075	0.664946
-0.116425	-1.29765	0.660488
-0.146791	-1.21672	0.656622
-0.19421	-1.14852	0.642573
-0.217234	-1.08973	0.630426
-0.225749	-1.01315	0.594875
-0.22668	-0.925388	0.552216
-0.227477	-0.828998	0.461125
-0.221071	-0.751058	0.356294
-0.245406	-0.635936	0.14198
-0.267122	-0.548331	0.0196981
-0.276251	-0.467734	0.0125998
-0.274571	-0.376099	0.0150848
-0.280373	-0.270533	-0.000187784
-0.275742	-0.166443	-0.0178421
-0.267645	-0.0750129	-0.0144519
-0.262081	0.0366174	0.00365588
-0.261275	0.125711	-0.00796791
-0.27665	0.227849	0.00245552
-0.275708	0.328608	0.00434838
-0.29508	0.430483	0.0119973
-0.296927	0.517402	0.0402837
-0.29136	0.619768	0.188279
-0.277144	0.727685	0.348715
-0.325366	0.895486	0.525062
-0.470932	1.41851	0.580157

0.600097	-1.98238	0.00784246
0.549882	-1.96937	0.00933683
0.505506	-1.94709	0.0671556
0.438003	-1.91406	0.189852
0.364791	-1.88329	0.310194
0.337287	-1.84569	0.363024
0.308251	-1.80612	0.428387
0.265377	-1.76885	0.463764
0.210492	-1.7202	0.503457
0.169838	-1.66942	0.552792
0.142619	-1.60599	0.603042
0.0837127	-1.55577	0.619675
0.0514183	-1.49548	0.644511
0.0215411	-1.42608	0.646528
-0.0080254	-1.3561	0.666814
-0.023368	-1.30376	0.654135
-0.0388723	-1.22608	0.637907
-0.0916218	-1.14577	0.624762
-0.11945	-1.06936	0.615122
-0.141554	-0.995415	0.579273
-0.135117	-0.911214	0.521397
-0.143515	-0.823677	0.426285
-0.135827	-0.735762	0.287047
-0.157176	-0.632029	0.0899083
-0.187382	-0.536494	-0.00609303
-0.194039	-0.454385	0.000458401
-0.187743	-0.367658	0.0141009
-0.180292	-0.271495	0.00263023
-0.169089	-0.152651	-0.00856698
-0.160942	-0.0609761	-0.0030562
-0.162661	0.0272711	0.00760521
-0.166987	0.130561	-0.00275514
-0.168148	0.218828	0.00717747
-0.170519	0.320618	-0.0056441
-0.186136	0.426868	-0.00874377
-0.189812	0.517333	0.00412959
-0.194071	0.615753	0.110905
-0.184555	0.718342	0.268456
-0.193521	0.914702	0.49791
-0.298214	1.40125	0.539821

0.731444	-1.98634	0.00571316
0.659045	-1.97736	0.017114
0.618257	-1.95159	0.0256114
0.565776	-1.91875	0.0876975
0.483634	-1.88505	0.228406
0.428696	-1.84704	0.333741
0.38789	-1.8064	0.415769
0.34152	-1.77159	0.453323
0.290624	-1.72411	0.507151
0.257893	-1.67624	0.531287
0.229452	-1.62478	0.58548
0.183542	-1.56418	0.620647
0.154499	-1.4848	0.658727
0.122634	-1.4205	0.666936
0.085403	-1.36833	0.663512
0.0696864	-1.31491	0.647039
0.0602412	-1.23265	0.646015
0.036361	-1.1452	0.632535
0.00901636	-1.06152	0.613346
0.00340737	-0.985586	0.557103
-0.026698	-0.891516	0.473304
-0.0416022	-0.827159	0.407887
-0.0496539	-0.734956	0.285505
-0.0569408	-0.640882	0.0894647
-0.0703446	-0.542929	0.0148342
-0.0693342	-0.463909	0.00508666
-0.0738624	-0.37502	-0.00494357
-0.0667444	-0.280456	-0.0138015
-0.0740981	-0.180225	-0.00276441
-0.0725552	-0.0704182	0.00242135
-0.0682803	0.0387137	0.000242528
-0.0836605	0.128476	0.000895222
-0.0747819	0.212626	0.0040233
-0.0713184	0.30412	-0.000990802
-0.0868654	0.404869	-0.0070712
-0.0998861	0.489708	-0.00207437
-0.101807	0.590728	0.0428661
-0.102742	0.712072	0.226603
-0.132021	0.875704	0.458637
-0.262527	1.68951	0.395537

0.849529	-1.98844	-0.00461781
0.767569	-1.97416	0.00137799
0.71447	-1.95448	-0.00557592
0.653348	-1.92348	0.0205096
0.58389	-1.89312	0.12753
0.526266	-1.85437	0.264
0.486265	-1.81476	0.364376
0.442569	-1.76695	0.438814
0.389257	-1.71477	0.505579
0.32958	-1.6736	0.550974
0.312026	-1.6305	0.583676
0.29144	-1.55696	0.625885
0.267406	-1.48793	0.673187
0.222445	-1.43616	0.672949
0.173021	-1.37553	0.653891
0.153979	-1.31242	0.642951
0.149692	-1.23593	0.640186
0.132976	-1.14991	0.634381
0.103197	-1.05562	0.610609
0.107458	-0.984155	0.564078
0.055575	-0.910557	0.494215
0.0416087	-0.837058	0.442924
0.0462446	-0.750342	0.324045
0.0479308	-0.631458	0.0777323
0.0298512	-0.537353	0.000243184
0.0172886	-0.454124	-0.0145318
0.0179595	-0.367598	-0.0158523
0.0204249	-0.272314	-0.0189189
0.022787	-0.184666	0.000361302
0.0338707	-0.068382	0.00591263
0.024224	0.0284714	-0.00136287
0.0207763	0.109063	-2.65907e-05
0.0265832	0.227848	-0.00758292
0.0241215	0.320819	-0.00788239
-0.00107179	0.398855	-0.0105312
-0.00666002	0.481778	0.0103097
-0.0108003	0.572354	0.0275868
-0.0126777	0.69433	0.209008
-0.0450813	0.870763	0.450984
-0.0662423	1.70593	0.432165

0.9575	-1.98471	-0.00765018
0.891249	-1.97269	0.018468
0.839015	-1.95396	0.00791145
0.766996	-1.92755	-0.00236334
0.700228	-1.89862	0.048049
0.635098	-1.86484	0.174783
0.596696	-1.82269	0.310495
0.560589	-1.7753	0.390249
0.505684	-1.72534	0.461586
0.432928	-1.6788	0.533827
0.405091	-1.62347	0.579821
0.376378	-1.55815	0.612174
0.343384	-1.48774	0.655035
0.30357	-1.41542	0.66325
0.275036	-1.36079	0.657825
0.254286	-1.29955	0.652133
0.246457	-1.23616	0.655354
0.23649	-1.14597	0.640385
0.194846	-1.06627	0.612155
0.18229	-0.984571	0.571214
0.145267	-0.913559	0.518481
0.130373	-0.83595	0.456655
0.16427	-0.732666	0.31312
0.164787	-0.629915	0.120611
0.14628	-0.523015	0.00912263
0.133419	-0.449882	-0.0105956
0.135613	-0.351982	-0.0123476
0.129857	-0.267575	-0.0223402
0.126785	-0.175914	-0.00874654
0.125191	-0.0831887	0.00548343
0.104642	0.0240943	0.00182934
0.129528	0.115474	-0.0017126
0.143144	0.235284	-0.00414199
0.11794	0.306625	-0.0033337
0.0913412	0.405826	0.00183841
0.0829584	0.502516	0.0177811
0.0719802	0.589176	0.0443535
0.0732687	0.710091	0.234464
0.028782	0.846312	0.428913
0.26635	1.71384	0.441135

1.05664	-1.97914	0.00620975
1.00035	-1.97598	0.0206048
0.917697	-1.954	0.0143386
0.846878	-1.92569	0.00230379
0.79368	-1.89743	0.00417631
0.746134	-1.86792	0.0775156
0.699448	-1.82863	0.220002
0.652062	-1.78797	0.330119
0.597839	-1.73207	0.424572
0.545188	-1.68068	0.491181
0.497077	-1.61855	0.536801
0.474274	-1.55275	0.591974
0.461445	-1.4772	0.610282
0.41613	-1.40503	0.645949
0.37297	-1.34912	0.663612
0.351507	-1.29263	0.665694
0.339709	-1.22178	0.658695
0.321354	-1.14509	0.637845
0.289928	-1.05396	0.619469
0.272893	-0.978067	0.589038
0.246512	-0.905394	0.535714
0.254322	-0.804224	0.454229
0.259716	-0.713628	0.341863
0.278117	-0.641609	0.205323
0.256097	-0.529241	0.0329803
0.248	-0.457337	0.00344739
0.228546	-0.351785	0.00653934
0.234433	-0.272971	-0.00383958
0.214612	-0.174242	-0.0200605
0.218553	-0.0935943	-0.00962599
0.214939	-0.000221918	-0.0101647
0.246076	0.102562	0.00284075
0.217029	0.227807	0.00530468
0.208513	0.301174	0.00417235
0.216899	0.409356	0.00134672
0.199991	0.517403	0.0302533
0.176608	0.615755	0.0971069
0.165111	0.718611	0.26365
0.118442	0.841834	0.437395
0.67697	1.81394	0.225073

1.13844	-1.98256	0.00682011
1.09808	-1.97544	0.0106076
1.0309	-1.94684	0.011249
0.957898	-1.92274	0.0144842
0.877173	-1.89261	-0.00572365
0.828806	-1.86017	0.00921435
0.777393	-1.82435	0.137719
0.745315	-1.79061	0.245538
0.687037	-1.72972	0.379968
0.652543	-1.66927	0.453281
0.62677	-1.62276	0.503956
0.595667	-1.5632	0.559698
0.564876	-1.48703	0.60416
0.530339	-1.42267	0.646652
0.498763	-1.35888	0.647679
0.48084	-1.29734	0.66847
0.450434	-1.23495	0.650793
0.434929	-1.16952	0.647157
0.406659	-1.07648	0.641185
0.365863	-0.978825	0.601058
0.359917	-0.894755	0.544371
0.357685	-0.819517	0.486963
0.340084	-0.735726	0.393747
0.366482	-0.651594	0.300649
0.35003	-0.54208	0.0983736
0.338487	-0.440828	0.0135966
0.329256	-0.356984	-0.00230643
0.335874	-0.277269	-0.0110861
0.31592	-0.182462	-0.0192519
0.30125	-0.107783	-0.0059424
0.298739	-0.00137559	-0.00199242
0.34037	0.101225	0.0095088
0.326923	0.204474	0.0158533
0.316124	0.301861	0.00898661
0.321239	0.421168	0.00874129
0.309766	0.512962	0.0575124
0.288115	0.602757	0.150958
0.282734	0.716495	0.33549
0.220799	0.875919	0.502799
1.21584	1.76652	0.0613709

1.23219	-1.98506	-0.0192996
1.20776	-1.97652	-0.00744491
1.13673	-1.9484	0.0164965
1.06561	-1.92205	0.016437
0.997061	-1.88764	-0.0180197
0.946148	-1.86149	-0.0155431
0.877036	-1.83084	0.0421986
0.846645	-1.79655	0.125786
0.796798	-1.73325	0.29344
0.741978	-1.66966	0.424942
0.713494	-1.62373	0.480184
0.686004	-1.56987	0.523637
0.643674	-1.49735	0.581319
0.616699	-1.42653	0.632261
0.592679	-1.36116	0.635608
0.560634	-1.29277	0.667384
0.526958	-1.23606	0.643904
0.511225	-1.17065	0.633969
0.506814	-1.08789	0.659548
0.479483	-1.00681	0.627413
0.442469	-0.908291	0.572033
0.425171	-0.817208	0.508611
0.431709	-0.726558	0.444687
0.449213	-0.63236	0.360766
0.441978	-0.54651	0.187883
0.423891	-0.461381	0.0753263
0.409826	-0.366313	0.00963585
0.425533	-0.286994	-0.00814877
0.415129	-0.178765	0.00270104
0.415506	-0.108231	0.0103765
0.412483	-0.0184667	0.00436042
0.422299	0.0995501	0.00246826
0.417104	0.194581	0.0106919
0.422997	0.293254	0.0136947
0.410096	0.416882	0.0425957
0.39139	0.501447	0.089771
0.38653	0.59028	0.208906
0.384132	0.692248	0.353246
0.312445	0.84875	0.506456
1.12698	1.53862	0.245898

1.33287	-1.98536	-0.0120783
1.29568	-1.97286	-0.00111668
1.24416	-1.95003	0.0139829
1.16869	-1.91616	-0.000592292
1.10462	-1.88722	-0.00431363
1.04098	-1.86051	0.000538273
0.97932	-1.8251	0.00645707
0.941506	-1.78143	0.0245626
0.915396	-1.73887	0.152486
0.855407	-1.68213	0.338949
0.808096	-1.62796	0.442931
0.773723	-1.56808	0.517919
0.746905	-1.50954	0.562099
0.719489	-1.43939	0.588075
0.698384	-1.36693	0.604408
0.671644	-1.29924	0.636457
0.638211	-1.24232	0.645301
0.611918	-1.17189	0.654759
0.59164	-1.09261	0.665874
0.583332	-1.01964	0.644697
0.56194	-0.926621	0.609954
0.548081	-0.847746	0.575257
0.544758	-0.746827	0.521337
0.530365	-0.657095	0.442126
0.517044	-0.549443	0.297247
0.521565	-0.466872	0.19495
0.507915	-0.387547	0.0911341
0.53848	-0.274754	0.0369621
0.524614	-0.189693	0.0209716
0.510894	-0.106823	0.00100287
0.514505	-0.0122951	0.00172333
0.508482	0.108595	0.0164815
0.506626	0.213018	0.0213584
0.51641	0.298675	0.0294238
0.507058	0.396083	0.0926604
0.490202	0.499613	0.200047
0.471147	0.586164	0.29231
0.473061	0.695863	0.425327
0.403268	0.843236	0.539504
0.716167	1.32514	0.514212

1.43154	-1.98129	-0.0186185
1.38385	-1.96824	-0.00494967
1.34912	-1.94951	0.0165953
1.26839	-1.9193	0.00976192
1.20221	-1.88537	-0.00261864
1.1518	-1.85728	0.000589749
1.10646	-1.81751	-0.00857241
1.03655	-1.77327	-0.0056451
1.00077	-1.72997	0.102391
0.952268	-1.67459	0.283368
0.900199	-1.62538	0.392656
0.852982	-1.56661	0.486395
0.845401	-1.51145	0.537155
0.8308	-1.43816	0.566893
0.796404	-1.36667	0.597048
0.769253	-1.30469	0.637776
0.754114	-1.24263	0.649723
0.723999	-1.1799	0.669387
0.685444	-1.10186	0.678383
0.669436	-1.01477	0.660802
0.64752	-0.921949	0.637911
0.640262	-0.852541	0.614383
0.623547	-0.748325	0.551706
0.627846	-0.656535	0.503445
0.631897	-0.553592	0.438573
0.610067	-0.459505	0.322687
0.609841	-0.36658	0.219144
0.616918	-0.277671	0.158295
0.622969	-0.180911	0.132034
0.610764	-0.0950502	0.0566348
0.617403	-0.0169449	0.0647138
0.633568	0.123133	0.123395
0.621215	0.220421	0.138071
0.614399	0.300307	0.171838
0.620366	0.383619	0.25367
0.60217	0.487235	0.331598
0.591342	0.590223	0.411767
0.584688	0.690083	0.507211
0.527494	0.838297	0.572282
0.463634	1.18903	0.630548

1.5255	-1.98122	-0.00681996
1.4739	-1.96572	-0.00306288
1.4364	-1.93831	0.00149758
1.38423	-1.9176	0.00703777
1.31472	-1.88697	0.00508016
1.24975	-1.84753	0.000412337
1.20047	-1.80415	-0.00256429
1.15647	-1.77145	-0.00808578
1.12695	-1.72436	0.0133113
1.06557	-1.68087	0.11075
1.01017	-1.63016	0.278456
0.968628	-1.57833	0.390643
0.963626	-1.5209	0.447295
0.947197	-1.44897	0.505489
0.901341	-1.37812	0.572234
0.883475	-1.30875	0.614009
0.861134	-1.23825	0.626526
0.844092	-1.18251	0.647378
0.820915	-1.10068	0.662787
0.82572	-1.02812	0.664362
0.794429	-0.942084	0.647246
0.797023	-0.869702	0.643675
0.776882	-0.789632	0.628496
0.7617	-0.678181	0.583038
0.763197	-0.587311	0.538633
0.74414	-0.501284	0.481539
0.741549	-0.407342	0.429504
0.742305	-0.326464	0.387443
0.745892	-0.202702	0.363368
0.730976	-0.109063	0.285664
0.743998	-0.0314047	0.267184
0.749153	0.0836507	0.287401
0.753001	0.188239	0.329532
0.731446	0.275273	0.342927
0.718774	0.371961	0.377772
0.744955	0.478663	0.476618
0.747893	0.568865	0.545783
0.746565	0.676556	0.582052
0.71228	0.808418	0.604825
0.606088	1.06438	0.643932

1.65477	-1.97874	-0.000127224
1.61272	-1.96718	-0.0136531
1.54882	-1.92492	-0.00682035
1.50322	-1.9128	-0.000179747
1.46339	-1.88549	-0.0105764
1.42689	-1.82887	-0.012146
1.35671	-1.80565	-0.00975199
1.3324	-1.74581	-0.000800191
1.29101	-1.71339	0.00400455
1.21356	-1.6765	0.0182903
1.13649	-1.62787	0.146437
1.07368	-1.57685	0.285418
1.06949	-1.52114	0.38132
1.07181	-1.4623	0.435881
1.05473	-1.38746	0.529789
1.06431	-1.32534	0.557538
1.00915	-1.26789	0.576713
1.02077	-1.20693	0.605233
1.03637	-1.11022	0.646386
1.01062	-1.05387	0.658388
1.00318	-0.988064	0.657479
0.982314	-0.917485	0.672885
0.957933	-0.827305	0.661089
0.923528	-0.739911	0.635943
0.911995	-0.663777	0.608992
0.895568	-0.562629	0.586927
0.88209	-0.469947	0.56164
0.933028	-0.399259	0.575352
0.963777	-0.296522	0.552466
0.922334	-0.202884	0.500994
0.882205	-0.0975634	0.462905
0.902824	-0.00487959	0.47955
1.01418	0.0905852	0.559121
1.00369	0.162732	0.552077
1.01006	0.263204	0.574922
0.94871	0.359894	0.589379
0.968866	0.474636	0.619988
1.01354	0.571662	0.637792
0.972112	0.718321	0.660726
0.975483	0.930207	0.668822

1.70409	-1.95909	-0.012532
1.70859	-1.96668	-0.0199806
1.64289	-1.90822	-0.00707473
1.68164	-1.91401	-0.00480362
1.8627	-1.88304	0.00231167
1.74481	-1.84865	-0.0158183
1.6945	-1.80111	-0.0177308
1.59108	-1.73952	-0.00148649
1.59179	-1.67635	-0.000764982
1.7442	-1.48843	0.00808734
1.66879	-1.48871	0.0310219
1.48095	-1.52877	0.056241
1.33627	-1.52869	0.110966
1.26266	-1.50259	0.207693
1.23722	-1.44935	0.295763
1.33125	-1.36414	0.278272
1.29672	-1.33123	0.33736
1.26738	-1.25017	0.455938
1.24659	-1.17119	0.529812
1.24574	-1.11614	0.5231
1.29849	-1.06695	0.488323
1.4979	-1.09853	0.311962
1.61391	-1.05848	0.193726
1.6416	-0.955861	0.202851
1.54399	-0.789512	0.400981
1.36789	-0.729714	0.559713
1.24016	-0.665586	0.610485
1.14942	-0.561493	0.646807
1.12903	-0.439094	0.629039
1.24422	-0.349906	0.598926
1.48927	-0.379441	0.410475
1.63301	-0.331511	0.346473
1.45885	-0.154368	0.513006
1.33077	-0.0291406	0.609695
1.42866	0.0654838	0.616623
1.61422	0.162374	0.504288
1.5759	0.269756	0.502217
1.36822	0.429361	0.5925
1.36074	0.608876	0.579189
1.54692	0.9789	0.306678

