-1.99741	-1.99941	-0.00963134
-1.99028	-1.90949	0.00258332
-1.98888	-1.82065	0.000152539
-1.99156	-1.71083	-0.00443963
-1.99232	-1.62147	-0.0123218
-1.98745	-1.52367	-0.0152292
-1.98957	-1.43069	-0.00651927
-1.99439	-1.32758	-0.0061339
-1.99417	-1.21702	-0.00757445
-1.99108	-1.12635	-0.00916171
-1.99543	-1.02321	-0.00461509
-1.99294	-0.911165	-0.00717819
-1.98373	-0.81091	-0.033445
-1.98682	-0.725393	-0.0205771
-1.99025	-0.612743	-0.00425814
-1.99585	-0.518893	-0.000219381
-1.98876	-0.405078	0.0101784
-1.99254	-0.320678	0.00607154
-1.99207	-0.225768	0.0457194
-1.98546	-0.118834	0.0766351
-1.98813	-0.028239	0.0595856
-1.99185	0.0858938	0.0678121
-1.99254	0.179893	0.0577517
-1.98755	0.286737	0.0620571
-1.99237	0.375763	0.0144406
-1.98647	0.476668	-0.00409669
-1.98995	0.554692	-0.00992859
-1.99295	0.642993	0.000695911
-1.99315	0.761312	-0.00665836
-1.9902	0.87684	0.00560431
-1.99149	0.979936	-0.00109911
-1.99176	1.07975	-0.00854052
-1.99347	1.16535	0.000537442
-1.99298	1.26239	0.0114042
-1.99192	1.37361	-0.00229266
-1.99571	1.48277	-0.0031134
-1.99887	1.58963	-0.000531844
-1.99281	1.69481	-0.0100797
-1.98556	1.78178	0.00600011
-1.98154	1.88818	0.000845977

-1.90473	-1.98967	-0.0222801
-1.90794	-1.91799	0.0128683
-1.90873	-1.85332	0.0131316
-1.913	-1.74038	0.00722721
-1.91293	-1.66332	-0.00488088
-1.91597	-1.5654	-0.00544274
-1.91883	-1.4531	-0.00972865
-1.91865	-1.34845	-0.0149518
-1.91467	-1.23035	-0.0103419
-1.91364	-1.13487	-0.0245676
-1.9107	-1.05625	-0.0157008
-1.90901	-0.958473	-0.0189118
-1.90787	-0.859585	-0.0209161
-1.89548	-0.745154	0.0409259
-1.89942	-0.640682	0.068413
-1.90747	-0.558512	0.0521946
-1.91374	-0.454169	0.104108
-1.92322	-0.360119	0.125051
-1.92416	-0.266697	0.144813
-1.9306	-0.151754	0.174578
-1.91212	-0.0511959	0.184108
-1.91448	0.0597466	0.138234
-1.92485	0.161235	0.173303
-1.91914	0.248147	0.234288
-1.9188	0.322804	0.181094
-1.9254	0.44582	0.0905775
-1.93391	0.538497	0.0225381
-1.92799	0.635418	0.00841626
-1.92272	0.729574	-0.0099682
-1.91734	0.823465	-0.00835895
-1.91941	0.958499	-0.0176273
-1.92117	1.05023	-0.0167424
-1.93233	1.1388	0.00268379
-1.92805	1.23753	0.0102372
-1.91648	1.34488	-0.0109876
-1.91277	1.43227	-0.00265946
-1.90699	1.53164	-0.00251739
-1.9193	1.66008	0.000349237
-1.91857	1.74743	0.0022283
-1.92489	1.86202	0.00248152

-1.81093	-1.98603	-0.00224698
-1.83788	-1.91771	0.0120423
-1.83678	-1.84393	0.0106192
-1.8469	-1.75521	-0.00662466
-1.85826	-1.66235	-0.00358314
-1.85407	-1.57833	-0.00713365
-1.85022	-1.46008	-0.0224687
-1.84381	-1.35935	-0.0211561
-1.83776	-1.25187	-0.00644659
-1.84449	-1.14747	0.0153525
-1.85475	-1.08143	0.0112756
-1.85714	-0.976264	0.00223053
-1.8461	-0.889136	0.00443501
-1.84049	-0.79389	0.0746721
-1.8374	-0.687875	0.135343
-1.84825	-0.580181	0.145329
-1.84726	-0.473913	0.215943
-1.86092	-0.375651	0.220228
-1.85142	-0.277869	0.277841
-1.85866	-0.178382	0.325054
-1.84621	-0.0890906	0.337368
-1.83399	0.0176833	0.311921
-1.85489	0.138791	0.276918
-1.87531	0.235332	0.278051
-1.86037	0.321739	0.268745
-1.8565	0.431064	0.232684
-1.85441	0.518572	0.2068
-1.84691	0.613215	0.191225
-1.86018	0.711018	0.112738
-1.85133	0.808869	0.0376998
-1.84964	0.929543	-0.0052378
-1.84772	1.01567	-0.0154819
-1.84433	1.1202	0.00172899
-1.84885	1.22226	-0.00775539
-1.8474	1.31913	-0.00568502
-1.8436	1.41996	-0.00401438
-1.84075	1.50062	-0.00350249
-1.84998	1.60112	0.00160705
-1.85202	1.70297	-0.00704602
-1.83491	1.89276	-0.00312038

-1.71522	-1.98696	-0.00641024
-1.73159	-1.93164	-0.0123509
-1.73931	-1.84858	0.00895983
-1.75467	-1.77067	0.0231378
-1.77717	-1.67716	0.00404148
-1.767	-1.57411	-0.00544185
-1.77417	-1.47748	-0.0094813
-1.76895	-1.3697	-0.012635
-1.75391	-1.26473	-0.00890961
-1.77794	-1.15058	0.0121931
-1.76595	-1.06948	0.00829586
-1.77128	-0.969982	0.06517
-1.78485	-0.882327	0.0632689
-1.78286	-0.78409	0.123457
-1.77338	-0.681489	0.197811
-1.76433	-0.579192	0.26657
-1.76042	-0.485226	0.353807
-1.76952	-0.394465	0.390986
-1.77275	-0.300337	0.389527
-1.78853	-0.194206	0.379715
-1.77952	-0.100274	0.408933
-1.76365	0.000796921	0.393412
-1.76469	0.121627	0.368761
-1.78023	0.217246	0.375531
-1.77406	0.313894	0.3268
-1.76874	0.436167	0.343035
-1.76841	0.518845	0.383388
-1.77283	0.608635	0.320079
-1.78238	0.702925	0.226523
-1.76823	0.806404	0.210062
-1.77325	0.891263	0.139606
-1.76471	0.996424	0.0444367
-1.75515	1.0951	0.0146203
-1.76211	1.20749	-0.00722846
-1.75781	1.3188	0.00522505
-1.76749	1.40355	0.00814654
-1.77955	1.49672	0.00635454
-1.78304	1.60657	-0.0028209
-1.76862	1.71249	-0.0142544
-1.77036	1.88854	0.00487167

-1.6346	-1.98911	-0.00791559
-1.65293	-1.92383	-0.00208019
-1.66967	-1.84909	0.018951
-1.68152	-1.76102	0.0128093
-1.68745	-1.67494	-0.000621845
-1.68038	-1.57576	0.00197168
-1.67827	-1.47736	0.00519368
-1.68156	-1.37365	-0.00166354
-1.66614	-1.26943	-0.0110144
-1.67707	-1.14622	0.0408039
-1.67837	-1.05693	0.0887469
-1.67444	-0.966379	0.175134
-1.67446	-0.87238	0.247387
-1.67799	-0.784823	0.283496
-1.67758	-0.682739	0.323528
-1.66495	-0.585894	0.386944
-1.6694	-0.501783	0.414504
-1.68608	-0.411494	0.450914
-1.68648	-0.314332	0.455223
-1.69445	-0.214316	0.443307
-1.69301	-0.0987519	0.438582
-1.67396	0.00872209	0.442008
-1.67167	0.101026	0.511623
-1.68142	0.181604	0.498298
-1.67317	0.288266	0.45553
-1.68098	0.403561	0.479775
-1.69649	0.489467	0.467152
-1.69486	0.590676	0.377583
-1.68534	0.701163	0.324962
-1.69531	0.809775	0.266961
-1.69524	0.906004	0.234994
-1.68826	1.01112	0.172706
-1.67436	1.10264	0.112352
-1.66109	1.19835	0.0576507
-1.67132	1.32196	0.0149839
-1.68658	1.40745	0.0143108
-1.68634	1.50131	0.0162187
-1.68603	1.59601	0.00637125
-1.68432	1.70352	-0.0101949
-1.70189	1.86646	0.00171397

-1.52909	-1.98798	-0.00763753
-1.54513	-1.9365	0.00729086
-1.55655	-1.85661	0.0241484
-1.5826	-1.75101	0.00499409
-1.58839	-1.6818	0.00505699
-1.58106	-1.60299	0.00303651
-1.57365	-1.49274	-0.00510809
-1.58509	-1.37826	-0.00268299
-1.57464	-1.27354	0.0488632
-1.58376	-1.15959	0.14594
-1.58713	-1.06505	0.232525
-1.57441	-0.975465	0.241924
-1.56933	-0.866647	0.353966
-1.57752	-0.787816	0.391335
-1.58102	-0.683163	0.423561
-1.56783	-0.589837	0.503634
-1.57627	-0.518609	0.475837
-1.59365	-0.410839	0.470073
-1.60375	-0.307463	0.509164
-1.60554	-0.217938	0.524083
-1.59235	-0.112396	0.506094
-1.57761	0.00907679	0.494334
-1.59887	0.106739	0.53107
-1.59929	0.192578	0.514728
-1.58143	0.304171	0.482737
-1.59878	0.403556	0.519394
-1.6077	0.491784	0.509676
-1.59343	0.586642	0.404039
-1.57581	0.723015	0.401997
-1.57188	0.816967	0.371548
-1.5871	0.91524	0.369455
-1.60449	1.00731	0.307843
-1.60265	1.09439	0.217589
-1.57476	1.20454	0.123778
-1.57221	1.30233	0.0246762
-1.58654	1.38499	0.00868534
-1.60068	1.50791	0.0184428
-1.59555	1.61312	0.0220508
-1.59246	1.70753	0.0133223
-1.60878	1.81286	0.00215912

-1.45402	-1.99119	-0.00366332
-1.46177	-1.93019	0.00389205
-1.46266	-1.84575	0.00614842
-1.49127	-1.75951	0.00442015
-1.50675	-1.69005	0.00293215
-1.5004	-1.61382	5.41422e-05
-1.47805	-1.49212	-0.00251207
-1.49962	-1.36711	0.0144689
-1.48637	-1.2877	0.116154
-1.48637	-1.17853	0.239336
-1.48774	-1.0725	0.366238
-1.46521	-0.994333	0.383399
-1.46855	-0.878488	0.416376
-1.47618	-0.795681	0.459828
-1.48309	-0.691889	0.499105
-1.49358	-0.591137	0.508727
-1.48709	-0.495441	0.464987
-1.49473	-0.386377	0.496244
-1.513	-0.29344	0.557887
-1.52495	-0.206626	0.538352
-1.50614	-0.102361	0.521502
-1.49551	0.0158996	0.509059
-1.50477	0.121126	0.519211
-1.49298	0.213711	0.483711
-1.48196	0.318698	0.526182
-1.4996	0.411527	0.533491
-1.50771	0.506627	0.535628
-1.47985	0.595122	0.512168
-1.48038	0.716351	0.491278
-1.47258	0.814054	0.412502
-1.49728	0.933624	0.418404
-1.51739	1.01327	0.373029
-1.49818	1.1074	0.298814
-1.48197	1.21466	0.188898
-1.49413	1.32131	0.0751077
-1.48641	1.3869	0.0335511
-1.48563	1.49788	0.00974628
-1.49094	1.61446	-0.000161614
-1.51645	1.71802	0.0074268
-1.5103	1.82275	-0.00460848

-1.34451	-1.99386	-0.0209529
-1.35629	-1.92185	-0.00567904
-1.36713	-1.84345	0.00665307
-1.38949	-1.76673	0.00125739
-1.40665	-1.69018	-0.000335095
-1.39483	-1.59908	-0.00320672
-1.37744	-1.46313	0.0347568
-1.40882	-1.36236	0.112128
-1.39719	-1.28738	0.213394
-1.39404	-1.19249	0.333515
-1.40843	-1.0945	0.430661
-1.38367	-1.00808	0.467263
-1.37807	-0.905677	0.476871
-1.39251	-0.796584	0.515365
-1.40136	-0.689993	0.548612
-1.39191	-0.595367	0.516374
-1.38759	-0.484073	0.536189
-1.40203	-0.387659	0.559062
-1.41077	-0.294457	0.620562
-1.40952	-0.215754	0.60351
-1.40176	-0.128234	0.583074
-1.38942	-0.0164277	0.606154
-1.39563	0.082953	0.567186
-1.39036	0.19741	0.562224
-1.38827	0.310685	0.592165
-1.39032	0.407062	0.581186
-1.407	0.507533	0.586811
-1.39647	0.593426	0.569666
-1.39755	0.696383	0.560948
-1.37079	0.7961	0.520964
-1.38458	0.902262	0.492508
-1.3995	0.993456	0.45587
-1.38513	1.09497	0.374051
-1.35949	1.21839	0.314445
-1.38454	1.3216	0.244105
-1.38955	1.38801	0.154628
-1.38989	1.50382	0.0353301
-1.38481	1.61459	-0.00992653
-1.40252	1.72075	0.00247903
-1.4142	1.81802	0.00282632

-1.25105	-1.98244	-0.000384863
-1.26705	-1.92284	-0.00201928
-1.27989	-1.85119	-0.00656592
-1.29558	-1.77252	-0.00480005
-1.30204	-1.69154	0.00401415
-1.2796	-1.57839	0.0331678
-1.2726	-1.46597	0.166052
-1.29807	-1.39024	0.217402
-1.29846	-1.28861	0.302023
-1.29296	-1.20107	0.422551
-1.30432	-1.12224	0.47979
-1.29861	-1.02263	0.494733
-1.2875	-0.904892	0.529228
-1.29349	-0.791144	0.539825
-1.3062	-0.685564	0.548404
-1.28856	-0.596536	0.536904
-1.29073	-0.496203	0.541685
-1.29234	-0.397799	0.537987
-1.3213	-0.295748	0.569572
-1.3298	-0.200576	0.615652
-1.31953	-0.122884	0.591491
-1.3149	-0.0157392	0.583426
-1.31743	0.0913687	0.57579
-1.30992	0.206119	0.574072
-1.30981	0.296872	0.594609
-1.30236	0.385982	0.544359
-1.32007	0.506872	0.566936
-1.31176	0.598493	0.586093
-1.31541	0.69526	0.573869
-1.3064	0.800657	0.541305
-1.30357	0.895841	0.522943
-1.31183	0.994418	0.501679
-1.29071	1.09986	0.469552
-1.27666	1.20425	0.400799
-1.2921	1.32165	0.335952
-1.28791	1.40683	0.262458
-1.29443	1.51614	0.101572
-1.29628	1.6022	0.014741
-1.31077	1.72154	-0.00422218
-1.31453	1.86224	-0.00159854

-1.14844	-1.98291	0.0140024
-1.17743	-1.92502	0.00519628
-1.18027	-1.8566	0.00186968
-1.20652	-1.76528	-0.000152215
-1.20377	-1.6837	0.0201808
-1.1834	-1.58146	0.0955713
-1.19193	-1.47348	0.205142
-1.2012	-1.38311	0.278339
-1.19765	-1.27967	0.391329
-1.20903	-1.20187	0.493468
-1.20918	-1.12854	0.516076
-1.20321	-1.01605	0.486734
-1.18792	-0.898083	0.551114
-1.18574	-0.799821	0.593691
-1.20126	-0.704154	0.575518
-1.19839	-0.604058	0.598446
-1.18767	-0.50998	0.562293
-1.18317	-0.397618	0.538674
-1.19159	-0.299603	0.536555
-1.22276	-0.183701	0.578189
-1.21282	-0.0981981	0.546019
-1.19922	0.0180617	0.539237
-1.2034	0.109165	0.518533
-1.20702	0.223313	0.538278
-1.22217	0.301654	0.566217
-1.20203	0.395014	0.513077
-1.21819	0.498732	0.574032
-1.21901	0.58564	0.588388
-1.21825	0.690565	0.580345
-1.20612	0.801062	0.580372
-1.20004	0.897285	0.549015
-1.20729	0.998924	0.4982
-1.20852	1.10546	0.494391
-1.19152	1.20818	0.440422
-1.19221	1.31462	0.421742
-1.18164	1.40082	0.381229
-1.19821	1.5019	0.239613
-1.20622	1.6022	0.0684776
-1.1924	1.70276	0.0117001
-1.21904	1.87738	0.00527767

-1.03883	-1.98763	0.00849427
-1.07193	-1.91788	0.00692523
-1.06803	-1.85316	-0.00122339
-1.09414	-1.77708	-0.00398511
-1.09918	-1.70636	0.0234234
-1.09443	-1.61351	0.110509
-1.08807	-1.48485	0.330645
-1.07603	-1.39652	0.402905
-1.09023	-1.29128	0.463914
-1.10777	-1.20503	0.518478
-1.11006	-1.11935	0.491676
-1.09621	-0.990775	0.53217
-1.08324	-0.886496	0.568152
-1.08766	-0.799692	0.568806
-1.09341	-0.697839	0.60493
-1.09635	-0.611733	0.595631
-1.07779	-0.502575	0.531013
-1.08284	-0.381268	0.525653
-1.0794	-0.296504	0.512313
-1.09703	-0.187032	0.51992
-1.08874	-0.0894055	0.493613
-1.09347	0.0230929	0.503982
-1.08545	0.110414	0.460288
-1.08991	0.225879	0.507533
-1.1076	0.307209	0.552941
-1.09494	0.398462	0.526433
-1.11242	0.49146	0.584089
-1.1029	0.568172	0.614744
-1.1124	0.662503	0.58244
-1.10516	0.79039	0.595395
-1.09327	0.891844	0.593995
-1.09026	0.9919	0.544105
-1.09846	1.10769	0.542903
-1.09159	1.21045	0.482158
-1.10021	1.31249	0.45811
-1.0936	1.4109	0.421184
-1.08869	1.50119	0.33092
-1.10159	1.61916	0.165696
-1.09671	1.71106	0.0474708
-1.13884	1.85874	0.00820509

-0.928935	-1.99115	0.0141396
-0.957584	-1.92012	0.0111015
-0.964534	-1.8492	0.00802003
-0.999265	-1.78263	0.0211746
-1.00534	-1.71886	0.102783
-0.996306	-1.62279	0.21508
-1.00558	-1.50282	0.375036
-0.991245	-1.40482	0.4355
-0.999793	-1.2933	0.475594
-1.00169	-1.19612	0.542018
-0.990044	-1.11404	0.55265
-0.994886	-1.00195	0.544511
-0.993598	-0.886456	0.529938
-0.980532	-0.790353	0.547032
-1.00217	-0.687972	0.596344
-0.998389	-0.599884	0.596044
-0.977385	-0.509999	0.509432
-0.988196	-0.382081	0.450401
-0.989084	-0.273302	0.499083
-0.994483	-0.193456	0.479941
-0.975135	-0.0823058	0.49892
-0.982525	0.0093355	0.502711
-0.965792	0.095442	0.459229
-0.977546	0.205288	0.448458
-1.00339	0.326665	0.543896
-0.990758	0.399966	0.554005
-1.01533	0.484804	0.509983
-1.02709	0.592102	0.537314
-1.0059	0.694912	0.51543
-1.0113	0.809197	0.544379
-1.00843	0.898591	0.574004
-0.994082	0.988693	0.587423
-1.00162	1.09332	0.594816
-0.996235	1.18734	0.547293
-0.995273	1.29642	0.499288
-0.99623	1.40267	0.464397
-0.973088	1.48765	0.428437
-1.00154	1.58937	0.296784
-1.0126	1.7021	0.127772
-1.04311	1.84605	0.0419693

-0.826605	-1.98662	0.0121605
-0.858043	-1.92893	0.00539722
-0.870983	-1.85431	0.012421
-0.906461	-1.77829	0.076208
-0.899506	-1.70503	0.213664
-0.893958	-1.61186	0.337675
-0.908545	-1.51355	0.418098
-0.891172	-1.40599	0.504816
-0.8824	-1.299	0.550503
-0.901663	-1.20564	0.588188
-0.90373	-1.12503	0.56649
-0.89484	-0.995197	0.587061
-0.889178	-0.885316	0.572376
-0.889009	-0.797398	0.564452
-0.903846	-0.699336	0.528742
-0.911949	-0.589997	0.53009
-0.885367	-0.505016	0.45242
-0.87658	-0.383408	0.459463
-0.897217	-0.289637	0.472855
-0.889099	-0.193198	0.429156
-0.888015	-0.0911905	0.422672
-0.888474	0.0106435	0.433838
-0.872622	0.101552	0.405404
-0.863861	0.201065	0.422891
-0.897196	0.30475	0.471586
-0.906652	0.393566	0.487031
-0.891438	0.50164	0.501754
-0.898936	0.602207	0.49953
-0.893393	0.692624	0.529396
-0.905246	0.78513	0.592247
-0.915395	0.888048	0.589555
-0.905425	0.990569	0.587236
-0.914726	1.07932	0.561952
-0.905612	1.1926	0.548191
-0.899511	1.29823	0.474626
-0.893016	1.41596	0.433859
-0.893504	1.50968	0.435092
-0.906784	1.60012	0.358612
-0.890635	1.70662	0.247536
-0.914641	1.87164	0.0635174

-0.735607	-1.98854	0.00834514
-0.755532	-1.91211	0.0222205
-0.758717	-1.85072	0.0701757
-0.777515	-1.77371	0.143721
-0.78105	-1.67472	0.346847
-0.799958	-1.60465	0.421515
-0.813366	-1.52308	0.468386
-0.807278	-1.42895	0.509068
-0.800864	-1.31325	0.517883
-0.815783	-1.20315	0.578791
-0.810581	-1.11212	0.567227
-0.81198	-0.994947	0.553614
-0.808189	-0.888479	0.554158
-0.800732	-0.795714	0.567857
-0.790215	-0.710293	0.52958
-0.808478	-0.592834	0.487234
-0.789659	-0.488356	0.419204
-0.795011	-0.390112	0.395056
-0.801198	-0.289912	0.365274
-0.801348	-0.171431	0.323905
-0.777633	-0.0727283	0.275336
-0.774779	0.0331769	0.314904
-0.766337	0.121364	0.332874
-0.78595	0.206311	0.379987
-0.804736	0.299563	0.416185
-0.805073	0.384996	0.42728
-0.806861	0.496906	0.480976
-0.807908	0.590668	0.449928
-0.815321	0.697182	0.502237
-0.828766	0.802066	0.571618
-0.820411	0.902342	0.595056
-0.816684	0.993297	0.60198
-0.812842	1.0737	0.584548
-0.807248	1.19018	0.591421
-0.791014	1.30107	0.556266
-0.778676	1.41049	0.484809
-0.788753	1.52106	0.484537
-0.796466	1.59568	0.403749
-0.77323	1.71073	0.324961
-0.802071	1.852	0.133494

-0.617273	-1.98764	0.0188378
-0.66202	-1.91864	0.0227517
-0.662925	-1.84203	0.150428
-0.64921	-1.76994	0.262456
-0.678302	-1.68304	0.39109
-0.70112	-1.60656	0.444831
-0.713102	-1.51986	0.480708
-0.715457	-1.42976	0.519672
-0.702485	-1.32373	0.506708
-0.698943	-1.18823	0.535255
-0.694796	-1.09292	0.512814
-0.693077	-0.992649	0.523946
-0.695099	-0.906335	0.561817
-0.704527	-0.80937	0.53348
-0.703687	-0.706185	0.523694
-0.69732	-0.616211	0.46507
-0.693091	-0.493243	0.372998
-0.68631	-0.400016	0.301805
-0.679439	-0.287668	0.244981
-0.682206	-0.181675	0.193375
-0.662808	-0.0960021	0.100991
-0.665645	0.00672351	0.110338
-0.674725	0.104686	0.159145
-0.695721	0.221073	0.240527
-0.717571	0.319473	0.325453
-0.705304	0.405355	0.340182
-0.711284	0.504613	0.423481
-0.699198	0.581777	0.449008
-0.699793	0.678247	0.506347
-0.711446	0.790637	0.561986
-0.722901	0.903561	0.561389
-0.722818	0.99966	0.588633
-0.709874	1.08825	0.574828
-0.697435	1.18505	0.59667
-0.690772	1.29138	0.594233
-0.680398	1.39379	0.572023
-0.705152	1.48931	0.514873
-0.684935	1.592	0.448929
-0.663928	1.72152	0.360953
-0.696833	1.84974	0.154932

-0.531746	-1.99247	0.0135407
-0.556814	-1.92613	0.0372664
-0.574716	-1.84958	0.161426
-0.573243	-1.77017	0.286901
-0.603737	-1.68289	0.39543
-0.61112	-1.59843	0.430083
-0.610584	-1.4972	0.481593
-0.621969	-1.41218	0.521785
-0.611599	-1.30435	0.541663
-0.59643	-1.18199	0.540125
-0.584822	-1.07985	0.54998
-0.59516	-0.992049	0.539733
-0.599771	-0.900957	0.531738
-0.598898	-0.808175	0.49769
-0.613393	-0.704917	0.49337
-0.599375	-0.616118	0.40879
-0.595861	-0.490737	0.297026
-0.589647	-0.398631	0.193995
-0.594139	-0.285342	0.0975557
-0.594855	-0.199598	0.065163
-0.586608	-0.109482	0.0185676
-0.585478	0.00548676	0.00986272
-0.579041	0.106361	0.0257931
-0.572773	0.233324	0.0520638
-0.586478	0.326477	0.136045
-0.597187	0.414911	0.210856
-0.612291	0.511856	0.331975
-0.61646	0.598163	0.420515
-0.612357	0.687834	0.465327
-0.616453	0.795928	0.526944
-0.612863	0.89495	0.538733
-0.603401	0.990399	0.538995
-0.596752	1.10633	0.542653
-0.605863	1.20043	0.586875
-0.618397	1.28932	0.585461
-0.615689	1.3842	0.554074
-0.606877	1.48371	0.522956
-0.580768	1.58734	0.494527
-0.577556	1.71032	0.401479
-0.59854	1.83767	0.210072

-0.425773	-1.99224	-0.00270504
-0.454549	-1.92528	0.0979396
-0.478314	-1.86426	0.210807
-0.481377	-1.7807	0.323017
-0.498817	-1.6873	0.443752
-0.491353	-1.61249	0.487083
-0.502761	-1.50465	0.533813
-0.507537	-1.42633	0.536571
-0.519125	-1.31467	0.551189
-0.501676	-1.19326	0.538886
-0.499615	-1.0812	0.609395
-0.494507	-1.01216	0.561557
-0.496351	-0.906079	0.529298
-0.502612	-0.805751	0.497932
-0.515077	-0.724235	0.460728
-0.499305	-0.624809	0.347504
-0.495758	-0.491463	0.190883
-0.480469	-0.39435	0.0805933
-0.500292	-0.292627	0.0135146
-0.505869	-0.206748	0.00777064
-0.491284	-0.100199	-0.00323501
-0.481417	0.00880119	-0.0099575
-0.470399	0.122839	0.00842888
-0.486459	0.228498	0.0143576
-0.497061	0.314383	0.0444987
-0.502602	0.399455	0.0627256
-0.502055	0.512042	0.192194
-0.516452	0.615223	0.337325
-0.511312	0.71158	0.413704
-0.517933	0.809423	0.494671
-0.519925	0.891429	0.543615
-0.506513	0.980459	0.546781
-0.486066	1.10851	0.551761
-0.50049	1.21276	0.528568
-0.516411	1.31161	0.548504
-0.512603	1.40634	0.543571
-0.508419	1.49282	0.494515
-0.493376	1.60954	0.491433
-0.489218	1.70615	0.429938
-0.489994	1.8372	0.269661

-0.318939	-1.9881	0.0175504
-0.363949	-1.92593	0.150149
-0.387367	-1.87351	0.247402
-0.391993	-1.79782	0.322287
-0.405893	-1.69775	0.451111
-0.399848	-1.62196	0.511203
-0.410328	-1.52965	0.527105
-0.402381	-1.42616	0.564544
-0.406024	-1.31809	0.540516
-0.398301	-1.1981	0.555144
-0.423283	-1.09813	0.599963
-0.407642	-1.01136	0.546186
-0.399133	-0.899629	0.50521
-0.420428	-0.802264	0.469405
-0.425619	-0.71079	0.390416
-0.40847	-0.613738	0.2686
-0.407266	-0.493006	0.094735
-0.39801	-0.40489	0.0420235
-0.40637	-0.294822	0.00540816
-0.394626	-0.190792	0.0202656
-0.381835	-0.0903648	0.00703215
-0.372486	0.00527248	-0.0189422
-0.380765	0.10557	-0.00111546
-0.391115	0.213433	-0.00762796
-0.403475	0.298587	0.00898186
-0.399952	0.395853	-0.00872775
-0.383619	0.505403	0.0556721
-0.387292	0.610652	0.185802
-0.38961	0.713923	0.326227
-0.414893	0.800464	0.423714
-0.423601	0.886571	0.521385
-0.415078	0.964305	0.533119
-0.388498	1.08319	0.540539
-0.367297	1.1992	0.562847
-0.380889	1.2864	0.552716
-0.403091	1.39778	0.558693
-0.391288	1.49321	0.541026
-0.391463	1.60546	0.517364
-0.398123	1.69875	0.438959
-0.4251	1.88248	0.206389

-0.238741	-1.99151	0.0242339
-0.281264	-1.92244	0.183952
-0.302976	-1.86519	0.287545
-0.289379	-1.7907	0.358487
-0.300012	-1.68749	0.427538
-0.318751	-1.59493	0.522459
-0.303369	-1.51766	0.538259
-0.290651	-1.4151	0.572028
-0.30276	-1.31338	0.61122
-0.303321	-1.23035	0.605268
-0.318826	-1.1147	0.602933
-0.308333	-1.01338	0.550686
-0.31071	-0.905148	0.489132
-0.302356	-0.800552	0.417559
-0.303574	-0.705222	0.320164
-0.306599	-0.608405	0.191237
-0.31925	-0.501741	0.0456684
-0.300443	-0.41229	0.00838892
-0.29019	-0.301698	-0.00463304
-0.282902	-0.192845	0.0137656
-0.290237	-0.0858214	0.00306134
-0.293248	-0.00150985	-0.00205255
-0.287756	0.0899443	0.0106005
-0.290911	0.188008	-0.00606086
-0.296999	0.273213	-0.0041507
-0.302109	0.397425	0.00157169
-0.290511	0.490468	0.00921942
-0.296703	0.594416	0.0700077
-0.307232	0.680206	0.227803
-0.31776	0.779258	0.337927
-0.336439	0.890506	0.438094
-0.327225	0.992979	0.457722
-0.301935	1.10817	0.508445
-0.296215	1.18936	0.535624
-0.29078	1.28882	0.560007
-0.30066	1.39138	0.578051
-0.297979	1.49765	0.562115
-0.312749	1.60761	0.516481
-0.317136	1.6966	0.484396
-0.351867	1.86745	0.267738

-0.137718	-1.99519	0.0319892
-0.173985	-1.92142	0.221391
-0.192469	-1.8632	0.269779
-0.178894	-1.76353	0.38762
-0.181667	-1.68118	0.454587
-0.20942	-1.58818	0.492596
-0.203101	-1.49423	0.529154
-0.201098	-1.38485	0.583227
-0.223389	-1.31659	0.607395
-0.214201	-1.22104	0.557696
-0.223567	-1.09401	0.570683
-0.209709	-1.00314	0.508123
-0.210194	-0.895548	0.435468
-0.211178	-0.789972	0.373257
-0.203753	-0.701441	0.24197
-0.200485	-0.605197	0.099224
-0.210593	-0.517616	0.0223325
-0.201301	-0.396644	0.00435867
-0.190936	-0.292108	-0.00195389
-0.190848	-0.186944	-0.00939254
-0.197282	-0.108836	0.00258309
-0.202242	-0.026128	0.0131234
-0.199126	0.0878352	0.0111539
-0.208613	0.189415	-0.0005771
-0.205401	0.28266	-0.00118727
-0.212626	0.397213	-0.00362101
-0.197174	0.487548	-0.0117003
-0.222533	0.595559	0.0276203
-0.221476	0.68637	0.169542
-0.215658	0.794762	0.309518
-0.213213	0.90774	0.394227
-0.189917	1.01831	0.449177
-0.210324	1.11629	0.504418
-0.20099	1.20238	0.578004
-0.19267	1.28678	0.584871
-0.200258	1.39631	0.590955
-0.198057	1.50695	0.565567
-0.204383	1.60071	0.535315
-0.227555	1.69902	0.477359
-0.254312	1.87944	0.272053

-0.0327471	-1.99205	0.0624858
-0.0730109	-1.91477	0.22024
-0.0723005	-1.85164	0.312882
-0.0846517	-1.76652	0.379548
-0.0964282	-1.66813	0.495757
-0.100597	-1.5845	0.524626
-0.0854082	-1.48906	0.566007
-0.114114	-1.3899	0.54374
-0.113575	-1.29221	0.552414
-0.0934759	-1.18833	0.555712
-0.111294	-1.08933	0.540085
-0.106279	-0.996694	0.479799
-0.0973186	-0.883257	0.432488
-0.102889	-0.802914	0.364197
-0.10473	-0.708684	0.2097
-0.115334	-0.609678	0.0441106
-0.10239	-0.530568	-0.000696614
-0.097218	-0.408166	0.00325497
-0.0867385	-0.315424	0.00861412
-0.114514	-0.207582	-0.0034507
-0.120329	-0.120671	0.0058638
-0.103625	-0.0165412	0.00901234
-0.0844761	0.103497	-0.0139149
-0.0851638	0.19887	-0.00634076
-0.105589	0.288367	-0.000431349
-0.114915	0.392879	-0.00344663
-0.0865971	0.505173	-0.0174218
-0.111411	0.617507	0.0125516
-0.107099	0.714989	0.164826
-0.102452	0.799955	0.334373
-0.105735	0.887685	0.425211
-0.100121	0.996171	0.476209
-0.10957	1.10418	0.542319
-0.111262	1.18642	0.586464
-0.0912263	1.28433	0.608515
-0.0915017	1.3943	0.613048
-0.104059	1.48741	0.573808
-0.106699	1.59014	0.542321
-0.111979	1.6942	0.493757
-0.153893	1.85531	0.338512

0.0598167	-1.9905	0.072774
0.0311847	-1.91598	0.194595
0.0176514	-1.84511	0.324235
0.0219883	-1.77105	0.361843
-0.00634043	-1.6672	0.502428
-0.00683544	-1.58124	0.545484
-0.00457268	-1.49565	0.523106
0.000251026	-1.37655	0.501636
0.00711928	-1.26905	0.531712
0.00483426	-1.17902	0.584189
-0.00431216	-1.10377	0.560634
0.00110853	-1.00181	0.539227
-0.0156239	-0.896658	0.460408
-0.0190071	-0.801046	0.353582
-0.0109648	-0.701794	0.193115
-0.0262793	-0.590543	0.0409262
-0.0058765	-0.518612	0.00133272
-0.00164035	-0.405742	0.00376677
0.000771158	-0.304857	0.0178301
-0.020663	-0.217469	0.00891561
-0.0144797	-0.125199	0.0090679
0.0122742	-0.0117751	0.0152229
0.0092087	0.085991	-0.011663
0.0134495	0.188275	0.000636875
0.00587931	0.269499	6.53272e-05
0.0055464	0.374108	-0.00287451
0.0200983	0.49551	-0.00742213
0.0154066	0.615209	0.020378
0.0116685	0.713293	0.172341
-0.00709728	0.799009	0.317619
-0.0129151	0.893388	0.413601
0.00257956	1.00188	0.443627
-0.0136191	1.10972	0.531461
-0.0114691	1.19414	0.587101
-0.00415928	1.28463	0.586097
-0.0177096	1.38876	0.591485
-0.0136305	1.49491	0.57614
-0.00965408	1.59832	0.522823
-0.0177218	1.70671	0.494786
-0.0322992	1.8799	0.335455

0.17241	-1.98784	0.0524186
0.137075	-1.91542	0.195176
0.119026	-1.85312	0.301817
0.127884	-1.76565	0.380097
0.0977983	-1.671	0.513922
0.0750758	-1.59106	0.542827
0.101434	-1.49693	0.576871
0.1112	-1.39721	0.523525
0.112025	-1.27352	0.437299
0.0902311	-1.16851	0.531315
0.0974677	-1.09445	0.556521
0.0977492	-0.995989	0.511981
0.0927322	-0.892706	0.420914
0.0952131	-0.793705	0.334027
0.0997993	-0.700502	0.199314
0.0758077	-0.603912	0.0592576
0.0947268	-0.510078	0.0107056
0.0993424	-0.414777	0.00498806
0.0987903	-0.314441	0.00789428
0.0876456	-0.205839	0.00761495
0.0950908	-0.104798	-0.0127352
0.101301	0.00231314	0.00860708
0.098594	0.091354	-0.000316237
0.0948472	0.187726	0.00447063
0.0938365	0.286079	-0.00545134
0.0997338	0.385402	-0.0124968
0.111926	0.494322	-0.0126065
0.108117	0.607796	0.0143384
0.112202	0.711093	0.140516
0.0969053	0.812349	0.303324
0.0949875	0.906884	0.412409
0.123504	1.01361	0.497454
0.101648	1.10436	0.507936
0.0872286	1.19815	0.546114
0.0899656	1.2836	0.584226
0.0843333	1.38764	0.581673
0.0923968	1.50408	0.578857
0.105165	1.59864	0.512218
0.0954524	1.71401	0.469726
0.0527708	1.8699	0.337487

0.281054	-1.99205	0.0164645
0.22643	-1.92382	0.150388
0.219201	-1.85514	0.244252
0.227255	-1.75291	0.347174
0.208304	-1.6699	0.459222
0.196393	-1.59168	0.518711
0.191982	-1.49818	0.563546
0.212648	-1.40116	0.558023
0.236365	-1.284	0.481661
0.219082	-1.16979	0.50095
0.204208	-1.07847	0.55584
0.202319	-0.995126	0.541581
0.204	-0.912665	0.471416
0.208802	-0.790406	0.363409
0.208342	-0.696682	0.228264
0.193996	-0.593346	0.07261
0.197431	-0.514955	0.0199155
0.19678	-0.413716	-0.00297778
0.208009	-0.305007	-0.00179562
0.200478	-0.208432	0.00152375
0.193897	-0.0943995	-0.00171887
0.190767	0.00641028	0.010203
0.195595	0.099283	0.00989162
0.207607	0.196797	0.004416
0.202058	0.302572	0.000180785
0.208408	0.410108	-0.00157553
0.212786	0.510175	0.000750122
0.211886	0.615762	0.0826974
0.213628	0.686904	0.177022
0.203785	0.791944	0.318607
0.208478	0.897211	0.46319
0.208747	0.990081	0.509248
0.195625	1.09622	0.524578
0.193109	1.18905	0.560177
0.198862	1.29193	0.611357
0.204948	1.39118	0.587356
0.19706	1.50476	0.544818
0.198043	1.61445	0.510603
0.18638	1.71284	0.456624
0.155884	1.86314	0.336323

0.365655	-1.99018	0.0172816
0.334497	-1.93234	0.105487
0.330832	-1.84738	0.213957
0.328353	-1.75078	0.288576
0.318945	-1.65489	0.458683
0.312555	-1.58997	0.503382
0.303592	-1.49802	0.537101
0.311768	-1.39094	0.562605
0.327955	-1.28774	0.539749
0.334503	-1.17947	0.570139
0.305184	-1.09216	0.589119
0.281978	-1.00558	0.556734
0.303283	-0.910905	0.510687
0.30699	-0.803366	0.427883
0.313338	-0.698176	0.269353
0.275269	-0.579547	0.060183
0.283898	-0.492933	0.00117651
0.302097	-0.397832	-0.00796895
0.301963	-0.306264	-0.00778
0.295618	-0.211075	-0.0246285
0.287072	-0.116349	-0.023128
0.293737	-0.00388023	0.00214103
0.288465	0.105906	0.000529968
0.300132	0.197752	-0.0128245
0.315394	0.307785	-0.00342876
0.31995	0.420184	0.00941692
0.32269	0.509781	0.0425083
0.29979	0.602537	0.125456
0.298999	0.691205	0.23203
0.30432	0.791368	0.329837
0.300308	0.907996	0.470259
0.297879	0.993747	0.500479
0.28399	1.09679	0.519205
0.294834	1.18784	0.568361
0.293235	1.28816	0.598566
0.300562	1.38331	0.599134
0.310208	1.48858	0.551068
0.308078	1.60572	0.500164
0.29969	1.70108	0.462886
0.271983	1.8245	0.376168

0.448898	-1.98361	0.0253373
0.441254	-1.9278	0.122811
0.435084	-1.86126	0.213172
0.436001	-1.76747	0.272369
0.414911	-1.65299	0.393609
0.408814	-1.57369	0.412471
0.406154	-1.48244	0.520843
0.415909	-1.39833	0.521889
0.416031	-1.27749	0.529041
0.407491	-1.17701	0.554366
0.389668	-1.08451	0.537228
0.382947	-0.992422	0.480063
0.393524	-0.888203	0.477359
0.394223	-0.790633	0.45413
0.405733	-0.70538	0.338794
0.391303	-0.591113	0.153445
0.389984	-0.486178	0.023133
0.397532	-0.39307	-0.00357443
0.406691	-0.294421	0.00484086
0.388066	-0.207631	-0.0105907
0.380518	-0.127567	-0.0265154
0.401717	-0.0100608	-0.004013
0.40082	0.0936722	-0.00552494
0.409534	0.193037	-0.012312
0.423016	0.288038	0.000612235
0.412367	0.398598	0.0201719
0.39879	0.502098	0.0511291
0.393962	0.599952	0.141353
0.391607	0.698423	0.313757
0.41328	0.775119	0.394108
0.414003	0.877884	0.468336
0.401532	0.990483	0.50646
0.393541	1.08952	0.535852
0.395794	1.19083	0.571456
0.385356	1.29078	0.568198
0.379856	1.38352	0.583725
0.39334	1.47174	0.545749
0.390802	1.58229	0.519273
0.399734	1.68185	0.471271
0.378887	1.82246	0.340523

0.551895	-1.9823	0.000853549
0.529349	-1.92221	0.0741617
0.522974	-1.85412	0.177049
0.528815	-1.7514	0.287879
0.528767	-1.64399	0.457617
0.52982	-1.58643	0.429525
0.505982	-1.4819	0.535241
0.518326	-1.40816	0.555609
0.519348	-1.29041	0.571548
0.526543	-1.18476	0.556479
0.518642	-1.10114	0.528429
0.515043	-0.996416	0.56281
0.504098	-0.90942	0.540526
0.49222	-0.818881	0.517413
0.489045	-0.730044	0.440582
0.500705	-0.617409	0.351287
0.502955	-0.520549	0.224769
0.506046	-0.403227	0.077301
0.491622	-0.288235	0.00810596
0.477079	-0.202367	-0.00859777
0.483594	-0.120213	-0.0117188
0.494247	-0.0148974	-0.00381924
0.495053	0.0841647	-0.0106206
0.494873	0.190404	-0.019271
0.502654	0.285293	0.00458206
0.507464	0.392487	0.0452833
0.501664	0.502904	0.144917
0.51891	0.592296	0.258347
0.49804	0.693878	0.389304
0.497103	0.78001	0.437119
0.499143	0.888089	0.531878
0.49023	0.981863	0.548386
0.489385	1.08431	0.541116
0.49596	1.20465	0.563466
0.492239	1.29418	0.542316
0.466144	1.38967	0.593007
0.481365	1.47274	0.576644
0.479181	1.56643	0.548062
0.482796	1.66674	0.493914
0.460706	1.80904	0.350108

0.666279	-1.99086	-0.00325561
0.641878	-1.92777	0.0115077
0.634075	-1.86587	0.0925159
0.630003	-1.76406	0.233857
0.607979	-1.65402	0.417006
0.621093	-1.57728	0.4303
0.607588	-1.48294	0.479124
0.608959	-1.39404	0.563952
0.609041	-1.29195	0.599096
0.614278	-1.19494	0.574296
0.607647	-1.10108	0.565081
0.591549	-0.999324	0.550526
0.58608	-0.896738	0.491697
0.578424	-0.795673	0.468726
0.59197	-0.696561	0.461506
0.583828	-0.609706	0.414557
0.589305	-0.526249	0.340946
0.601327	-0.407539	0.215008
0.582113	-0.297207	0.0574779
0.581459	-0.217391	0.0384933
0.591507	-0.111011	0.0302105
0.591897	0.0030906	0.0129838
0.588115	0.0963784	-0.0118538
0.590381	0.189328	0.0235318
0.605679	0.302828	0.111758
0.625914	0.406206	0.149998
0.60356	0.527851	0.250779
0.612396	0.609391	0.361211
0.6016	0.699337	0.468454
0.592355	0.783671	0.521294
0.574916	0.882741	0.584958
0.57686	0.96451	0.572618
0.594672	1.08124	0.503907
0.597914	1.21748	0.554574
0.600731	1.29537	0.554966
0.568049	1.39223	0.542972
0.578365	1.48107	0.554249
0.575448	1.5707	0.529318
0.582234	1.683	0.460752
0.562466	1.8633	0.200214

0.768647	-1.99364	0.0109763
0.734399	-1.92644	0.00117476
0.729592	-1.86299	0.0835087
0.730483	-1.77606	0.208974
0.714996	-1.66701	0.356758
0.714025	-1.57689	0.482791
0.700901	-1.50867	0.509398
0.694354	-1.42024	0.537093
0.699305	-1.31675	0.595007
0.702042	-1.21144	0.559322
0.691866	-1.09423	0.585157
0.699886	-0.998717	0.571295
0.71059	-0.903538	0.567283
0.700697	-0.807629	0.495508
0.696911	-0.699463	0.493047
0.681262	-0.602793	0.449065
0.688689	-0.524117	0.414464
0.701939	-0.416923	0.367341
0.678636	-0.311827	0.211212
0.694826	-0.209798	0.216359
0.706739	-0.105448	0.185211
0.690091	0.0110401	0.121367
0.682693	0.108265	0.112563
0.700835	0.19539	0.174075
0.713461	0.307733	0.285031
0.738997	0.390816	0.324552
0.718809	0.499121	0.336731
0.716755	0.605493	0.425661
0.697341	0.700889	0.477596
0.687789	0.802986	0.515794
0.667908	0.894502	0.555179
0.679024	0.982807	0.483234
0.714141	1.10955	0.449947
0.692371	1.22613	0.498223
0.695532	1.31051	0.498354
0.698909	1.41975	0.497347
0.693184	1.5012	0.49106
0.690712	1.58743	0.467528
0.702094	1.6889	0.422318
0.665514	1.8235	0.228846

0.872001	-1.98933	0.00911269
0.835542	-1.93695	-0.00164328
0.812478	-1.86656	0.0500281
0.81421	-1.78243	0.156782
0.819793	-1.67971	0.268606
0.79715	-1.57277	0.4442
0.786772	-1.50524	0.473711
0.791157	-1.4102	0.454806
0.789707	-1.29045	0.522731
0.804762	-1.18256	0.537619
0.793498	-1.08528	0.547876
0.791162	-0.985438	0.565041
0.790954	-0.89542	0.560078
0.792476	-0.806087	0.48136
0.801185	-0.704003	0.531739
0.786643	-0.611524	0.515053
0.779588	-0.522736	0.471257
0.786129	-0.417717	0.416833
0.79845	-0.307162	0.36413
0.801867	-0.202544	0.377756
0.807012	-0.108658	0.323007
0.805071	0.00548911	0.311806
0.790455	0.0929335	0.313159
0.800219	0.180848	0.317715
0.800679	0.302942	0.370124
0.808886	0.393557	0.406276
0.809401	0.486136	0.422074
0.811233	0.590127	0.47588
0.80936	0.699853	0.503322
0.798282	0.798829	0.530967
0.796864	0.8889	0.559679
0.821833	0.981103	0.479407
0.828282	1.10189	0.558383
0.811383	1.18235	0.566613
0.818598	1.29984	0.527021
0.799298	1.41547	0.498408
0.79596	1.50113	0.446467
0.792407	1.60252	0.415854
0.781884	1.70421	0.34772
0.768361	1.82881	0.17302

0.951971	-1.99336	0.00190083
0.935542	-1.93336	-0.0144526
0.921641	-1.86255	0.0139756
0.915873	-1.77985	0.0727277
0.923322	-1.6929	0.166891
0.898297	-1.57908	0.33358
0.898369	-1.49421	0.432218
0.919083	-1.39093	0.471006
0.917779	-1.28477	0.474438
0.911777	-1.17737	0.473049
0.913001	-1.07965	0.459884
0.900604	-0.976155	0.563285
0.892739	-0.886692	0.626998
0.897925	-0.803006	0.567213
0.897115	-0.700479	0.556141
0.881445	-0.608989	0.519482
0.865781	-0.504853	0.507108
0.877702	-0.413027	0.458465
0.902829	-0.301793	0.422279
0.897763	-0.186308	0.46453
0.908836	-0.106552	0.432519
0.893939	-0.00919629	0.385713
0.879379	0.0981548	0.434182
0.892769	0.183781	0.442044
0.900911	0.291358	0.392257
0.906545	0.405641	0.486357
0.902869	0.482004	0.511217
0.904529	0.586143	0.534838
0.909994	0.705835	0.540312
0.901328	0.792172	0.516852
0.908942	0.894673	0.532794
0.921299	1.00085	0.527013
0.898789	1.09999	0.537898
0.896402	1.19009	0.544285
0.909639	1.29985	0.480581
0.894995	1.41805	0.483999
0.903893	1.49869	0.454288
0.902135	1.60304	0.377793
0.891638	1.69082	0.298527
0.868572	1.81004	0.154453

1.07811	-1.99201	-0.00227212
1.05256	-1.92147	-0.00315677
1.03743	-1.85689	0.0153145
1.01449	-1.77159	0.0450891
1.01606	-1.68342	0.155225
1.00797	-1.59213	0.283581
0.99545	-1.49755	0.417217
1.00004	-1.40374	0.454567
0.996542	-1.2992	0.50679
1.01047	-1.22271	0.507322
1.0276	-1.10794	0.512674
1.00916	-0.994241	0.557197
0.979512	-0.895379	0.640142
0.986036	-0.810359	0.60374
0.991922	-0.693128	0.515759
0.996479	-0.573219	0.54561
0.977211	-0.486515	0.569177
0.985927	-0.408868	0.531329
1.01787	-0.29482	0.502115
1.01109	-0.190681	0.523675
0.998594	-0.102975	0.495012
0.999676	-0.00495407	0.482102
0.981768	0.0992412	0.518153
0.988047	0.182212	0.529508
1.00558	0.277566	0.474809
1.00075	0.393734	0.496211
1.00204	0.498645	0.530632
1.00346	0.593751	0.4864
0.992036	0.721202	0.557565
0.996435	0.795622	0.52143
1.01174	0.906961	0.488625
1.0173	1.02243	0.518258
1.01407	1.11897	0.542317
1.00318	1.20824	0.528439
1.01683	1.31098	0.442248
1.01425	1.42071	0.430852
1.0124	1.4946	0.410478
1.00716	1.59417	0.324881
0.985173	1.67963	0.227247
0.956825	1.86953	0.0752046

1.17925	-1.99464	0.00305146
1.1451	-1.9213	0.000961271
1.14398	-1.85884	0.00128492
1.1326	-1.77836	0.00529529
1.11336	-1.69714	0.0753696
1.10163	-1.5844	0.219107
1.08868	-1.48888	0.367463
1.10401	-1.406	0.411926
1.07495	-1.30122	0.455336
1.0877	-1.20722	0.484792
1.1108	-1.10349	0.522294
1.10838	-1.00712	0.582595
1.07745	-0.916797	0.600409
1.08612	-0.82028	0.596178
1.10281	-0.71325	0.58588
1.1055	-0.586343	0.560995
1.08719	-0.47636	0.582166
1.08373	-0.397642	0.532959
1.10695	-0.288381	0.54132
1.11293	-0.207007	0.518985
1.10109	-0.10114	0.503627
1.09776	0.0140355	0.514047
1.08548	0.111867	0.560584
1.07581	0.184511	0.532681
1.09748	0.285423	0.548594
1.1107	0.384522	0.535366
1.09841	0.500753	0.523192
1.1081	0.603004	0.532653
1.09096	0.705453	0.563804
1.09834	0.799459	0.572543
1.11626	0.895924	0.570069
1.11762	0.999657	0.530829
1.11118	1.12357	0.49983
1.10364	1.21999	0.510741
1.10901	1.31261	0.470394
1.10463	1.41165	0.409697
1.108	1.50023	0.355334
1.09478	1.59063	0.259116
1.09703	1.67808	0.145286
1.03402	1.85177	0.0405946

1.28375	-1.99714	-0.00115864
1.23817	-1.91724	0.010955
1.25209	-1.85733	0.00837694
1.22479	-1.78564	0.00865402
1.21811	-1.68516	0.0167774
1.21285	-1.58224	0.113519
1.20079	-1.49747	0.25334
1.20464	-1.40551	0.331676
1.19715	-1.28377	0.451604
1.1989	-1.20785	0.461643
1.20509	-1.10512	0.501755
1.19193	-1.00505	0.552623
1.17985	-0.916178	0.581874
1.18721	-0.831047	0.545325
1.20058	-0.707868	0.5769
1.20627	-0.613366	0.575931
1.19364	-0.501072	0.565185
1.1995	-0.40029	0.51351
1.19331	-0.290375	0.570082
1.2131	-0.199766	0.5396
1.20956	-0.107097	0.54109
1.1997	0.00989237	0.531736
1.18161	0.116226	0.521292
1.19158	0.211797	0.4519
1.19642	0.314103	0.563335
1.20676	0.388552	0.55627
1.20659	0.494723	0.582035
1.20228	0.594863	0.579943
1.19849	0.698032	0.557501
1.18772	0.800153	0.585877
1.18532	0.889275	0.572886
1.20917	0.997304	0.494203
1.21518	1.11289	0.472758
1.20344	1.21623	0.454678
1.19104	1.31615	0.448683
1.19406	1.40356	0.367454
1.20151	1.50059	0.271431
1.19566	1.59521	0.142486
1.20294	1.69472	0.063133
1.15105	1.82782	0.0243168

1.38162	-1.9939	0.0148363
1.34851	-1.92057	-0.00162078
1.34047	-1.8552	-0.00555471
1.31799	-1.76896	0.0179573
1.31355	-1.67839	0.0155347
1.30217	-1.5815	0.0492095
1.29491	-1.50136	0.124727
1.30793	-1.41593	0.205421
1.30333	-1.28093	0.383914
1.30304	-1.20041	0.456449
1.30241	-1.1213	0.474213
1.28952	-1.01367	0.526938
1.27375	-0.920428	0.548324
1.29602	-0.822274	0.529209
1.29409	-0.70813	0.551899
1.28616	-0.616312	0.562071
1.29484	-0.49931	0.560359
1.31532	-0.394051	0.579274
1.30275	-0.302106	0.607853
1.30218	-0.2068	0.588781
1.29605	-0.108484	0.569247
1.3016	0.00307826	0.565958
1.30876	0.108911	0.585579
1.32734	0.210025	0.548506
1.30683	0.312949	0.562802
1.31374	0.400377	0.587013
1.30892	0.492944	0.569357
1.30979	0.601933	0.565195
1.31027	0.701081	0.500746
1.30071	0.81801	0.567929
1.29807	0.890495	0.534259
1.31287	0.996235	0.480882
1.30657	1.10924	0.467004
1.29869	1.20952	0.413982
1.27681	1.32404	0.361425
1.29231	1.42335	0.252093
1.30302	1.51825	0.136076
1.30005	1.61102	0.0447751
1.3062	1.72616	0.0177369
1.25393	1.84249	0.0173948

1.46817	-1.9893	0.0104433
1.44629	-1.91987	0.00579939
1.44676	-1.8402	-8.00549e-06
1.42327	-1.76551	0.0125891
1.40862	-1.66797	0.00802349
1.40317	-1.59202	0.0091617
1.38653	-1.50261	0.0318062
1.40571	-1.40723	0.103204
1.40257	-1.29632	0.276959
1.38477	-1.21348	0.398028
1.39724	-1.13092	0.432051
1.38833	-1.02231	0.484188
1.39221	-0.923292	0.541343
1.40895	-0.82969	0.514698
1.39803	-0.713775	0.528251
1.38971	-0.603879	0.51704
1.39767	-0.485962	0.549017
1.39736	-0.399206	0.572213
1.39907	-0.303375	0.568733
1.39549	-0.193695	0.547078
1.39868	-0.0914819	0.53101
1.40068	0.0150607	0.521123
1.39412	0.118108	0.545798
1.40435	0.21982	0.573907
1.41461	0.30622	0.540144
1.41481	0.397577	0.550809
1.42326	0.491677	0.543464
1.41331	0.600342	0.542533
1.42265	0.698819	0.530526
1.39978	0.790827	0.551431
1.40436	0.887381	0.522125
1.41232	0.991156	0.490135
1.39736	1.08806	0.454456
1.39848	1.19427	0.381006
1.40609	1.30758	0.256602
1.41327	1.44385	0.136316
1.41639	1.53938	0.0588169
1.43066	1.63291	0.0072145
1.40297	1.72954	-0.00148865
1.38042	1.86595	-0.010377

1.56671	-1.9928	0.0113781
1.55226	-1.91376	0.0152834
1.5336	-1.83402	0.019142
1.5263	-1.75623	0.00399025
1.50363	-1.67308	0.0101409
1.49417	-1.60466	0.00723017
1.4873	-1.50977	0.014884
1.50179	-1.42122	0.029487
1.50028	-1.32073	0.100726
1.47881	-1.2304	0.243857
1.4907	-1.14002	0.320216
1.48531	-1.03408	0.390283
1.47646	-0.92624	0.489648
1.49744	-0.832464	0.469351
1.50073	-0.704986	0.48713
1.49525	-0.599606	0.502472
1.48649	-0.490523	0.547334
1.49624	-0.403096	0.553759
1.51321	-0.313643	0.508986
1.51144	-0.180086	0.482799
1.51432	-0.0744339	0.562309
1.51411	0.0115188	0.546517
1.51127	0.118385	0.532259
1.50374	0.225596	0.566868
1.50473	0.302452	0.527118
1.50832	0.405693	0.545939
1.51512	0.490463	0.517619
1.51085	0.608421	0.493051
1.49954	0.707789	0.530044
1.49384	0.794316	0.487766
1.49816	0.910607	0.462221
1.49586	1.0047	0.429834
1.49311	1.10162	0.364011
1.4966	1.21096	0.249854
1.5285	1.30223	0.0975045
1.53976	1.41438	0.0461376
1.54044	1.51891	0.0204995
1.54131	1.6107	-0.00668237
1.5132	1.70893	0.00676879
1.48181	1.8427	-0.00757128

1.68496	-1.99563	0.00492077
1.66919	-1.90717	0.00221425
1.64775	-1.84022	0.013116
1.62897	-1.75757	0.00426707
1.60785	-1.66792	0.0104817
1.59957	-1.58926	-0.00918845
1.5873	-1.5057	-0.00650351
1.5989	-1.4263	0.00249453
1.58701	-1.31234	0.0333927
1.55747	-1.20227	0.172472
1.56901	-1.1318	0.223227
1.58126	-1.01857	0.330288
1.57459	-0.921108	0.409286
1.59776	-0.829671	0.413595
1.60088	-0.706491	0.435337
1.60052	-0.607332	0.461289
1.5919	-0.502335	0.482351
1.58073	-0.397537	0.513965
1.60336	-0.316768	0.508306
1.61089	-0.205622	0.524182
1.60295	-0.108607	0.561294
1.61242	-0.0120313	0.52714
1.60517	0.11734	0.518688
1.59323	0.207452	0.538084
1.60248	0.28741	0.504976
1.58651	0.402021	0.533818
1.59423	0.490138	0.518113
1.59874	0.593605	0.489902
1.58941	0.703721	0.466572
1.59984	0.811726	0.405394
1.59678	0.925278	0.366219
1.6014	1.01375	0.32344
1.60946	1.09713	0.235918
1.60014	1.19705	0.124727
1.6064	1.28897	0.0438103
1.62006	1.40687	0.0240124
1.62026	1.5031	0.00605563
1.62229	1.60069	0.00167611
1.60834	1.70363	0.020963
1.60183	1.83846	0.00206031

1.78557	-1.99294	0.0202201
1.75781	-1.90719	-0.00797863
1.74119	-1.85367	-0.0130348
1.72898	-1.76475	-0.00381154
1.72216	-1.67573	0.0086284
1.70271	-1.57741	-0.0149908
1.69459	-1.50374	-0.0201319
1.69798	-1.42137	-0.0205292
1.70909	-1.30374	-0.0113684
1.65901	-1.20171	0.0881817
1.67626	-1.12571	0.103596
1.69114	-1.01577	0.173041
1.69012	-0.905122	0.248686
1.69391	-0.807027	0.325536
1.69485	-0.717544	0.37444
1.69921	-0.622839	0.403281
1.72414	-0.507829	0.437503
1.68729	-0.411078	0.457668
1.69903	-0.31978	0.483764
1.69614	-0.226561	0.488253
1.69181	-0.126724	0.495472
1.72323	-0.0171762	0.499964
1.71707	0.0878227	0.47856
1.69446	0.204174	0.483523
1.70405	0.292232	0.478972
1.7053	0.383726	0.477651
1.69257	0.479766	0.471913
1.69085	0.578665	0.413921
1.70013	0.706763	0.358304
1.71311	0.811836	0.304654
1.70396	0.913731	0.248839
1.69089	1.01266	0.202698
1.69374	1.11306	0.13265
1.68853	1.20222	0.048598
1.69448	1.28326	0.0221752
1.70342	1.39001	0.0088087
1.71482	1.49611	-0.00497941
1.71254	1.60063	0.00100165
1.69968	1.70105	0.0287866
1.68932	1.81078	0.0154566

1.89496	-1.98651	-0.016691
1.85723	-1.91803	-0.0242118
1.86553	-1.85771	0.00395247
1.88681	-1.78011	0.0108875
1.88351	-1.7243	0.00939242
1.84298	-1.61993	-0.000801429
1.83792	-1.53036	-0.0137371
1.84019	-1.43535	-0.0146471
1.83551	-1.32341	0.00087552
1.80418	-1.21539	0.0310768
1.8096	-1.13222	0.0340281
1.84224	-1.03786	0.0386213
1.83682	-0.963086	0.0463962
1.84605	-0.863721	0.0792937
1.83251	-0.778433	0.148469
1.84469	-0.655793	0.197717
1.87093	-0.556326	0.184913
1.86903	-0.467024	0.215649
1.837	-0.358546	0.317353
1.83014	-0.242544	0.342831
1.85405	-0.155378	0.347468
1.84716	-0.0470448	0.389767
1.85137	0.0689615	0.377206
1.82795	0.18712	0.364106
1.81138	0.284418	0.399015
1.82046	0.351651	0.375413
1.82386	0.456212	0.327456
1.8512	0.541454	0.229283
1.84082	0.642933	0.191871
1.84283	0.756461	0.143011
1.84682	0.86368	0.0755716
1.85311	0.964357	0.0343092
1.83853	1.08242	0.028304
1.80583	1.19178	0.0023083
1.80939	1.27611	0.00541583
1.8626	1.34482	-0.00162872
1.86735	1.43849	-0.012002
1.85675	1.55847	-0.0169221
1.83038	1.6816	0.0170886
1.8202	1.84524	0.00683358

