-1.9842	-1.99018	0.0292854
-1.98213	-1.97131	0.0228618
-1.98274	-1.94191	0.0219541
-1.98211	-1.89914	0.000194183
-1.98781	-1.84934	0.00534579
-1.98332	-1.81373	-0.000805619
-1.98266	-1.75721	0.00551925
-1.98336	-1.69183	0.0258659
-1.98487	-1.60004	0.0136153
-1.98222	-1.52387	-0.0047975
-1.98013	-1.40385	0.00259684
-1.98019	-1.30537	0.00428737
-1.98031	-1.23946	0.00726081
-1.97599	-1.15317	0.000136233
-1.97642	-1.04148	-0.00432595
-1.97489	-0.926661	-0.00684537
-1.98012	-0.847512	-0.00102975
-1.98001	-0.768715	0.0128205
-1.97299	-0.645135	0.016079
-1.97708	-0.503461	-0.00991723
-1.97853	-0.4229	0.0106636
-1.97932	-0.343031	0.0346717
-1.98008	-0.1957	0.0967106
-1.98418	-0.0626861	0.12067
-1.98866	0.0300802	0.101591
-1.98445	0.102636	0.102653
-1.97945	0.202085	0.0813186
-1.97948	0.272575	0.0448499
-1.97649	0.355637	0.0335541
-1.97921	0.433822	0.0291853
-1.98233	0.501032	-0.0132103
-1.98334	0.579843	-0.00331097
-1.98611	0.712736	-0.0030438
-1.98442	0.842154	-0.0147539
-1.97202	0.952292	-0.00520185
-1.97065	1.03914	-0.00223076
-1.97066	1.10579	-0.0170189
-1.9622	1.25571	0.00267722
-1.94891	1.54223	-0.0100273
-1.80055	1.82306	-0.0119904

-1.95866	-1.98907	0.0216634
-1.96735	-1.97654	0.0131466
-1.97192	-1.95099	0.00349671
-1.97711	-1.91654	0.000671374
-1.98357	-1.86788	0.00228802
-1.98333	-1.83249	0.00223247
-1.98246	-1.77543	0.000760542
-1.97934	-1.71254	0.00593652
-1.98485	-1.63142	-0.0137967
-1.98382	-1.57278	-0.0187468
-1.98246	-1.46504	-0.0134947
-1.97996	-1.3583	0.00795996
-1.97288	-1.27497	0.00229416
-1.97606	-1.20832	0.00409471
-1.98139	-1.10521	-0.0173903
-1.97963	-0.98045	-0.0254946
-1.98349	-0.885369	-0.0232825
-1.98269	-0.808811	-0.0057115
-1.96757	-0.692645	0.00497895
-1.96939	-0.589677	-0.00518226
-1.97317	-0.507119	-0.000453987
-1.97696	-0.39863	0.0322589
-1.98042	-0.25992	0.0782054
-1.98367	-0.144355	0.0938909
-1.98361	-0.0316468	0.116387
-1.97837	0.0544507	0.13875
-1.97952	0.145915	0.128457
-1.98096	0.211444	0.0871802
-1.98148	0.300106	0.0453331
-1.98292	0.393652	0.0271816
-1.98467	0.463008	-0.00921434
-1.98558	0.520676	-0.00450373
-1.988	0.638197	-0.00462658
-1.98477	0.763597	-0.00074587
-1.97556	0.886205	-0.00155634
-1.97308	0.999265	-0.00832201
-1.96694	1.08415	-0.0187575
-1.93691	1.23972	0.00872656
-1.84818	1.51707	0.00168823
-1.79893	1.7411	0.00136195

-1.92702	-1.99259	0.00669691
-1.93736	-1.9839	0.014415
-1.94633	-1.95997	0.00694854
-1.95816	-1.93183	-0.000319765
-1.96992	-1.89226	-0.00784935
-1.97621	-1.84622	0.00577768
-1.97222	-1.78806	0.00457056
-1.97619	-1.73643	0.00625564
-1.98138	-1.67878	0.00253165
-1.97805	-1.61305	0.00544732
-1.98031	-1.51144	-0.00973221
-1.98115	-1.41635	0.00194296
-1.9746	-1.31145	-0.00387939
-1.97889	-1.21883	-0.00651642
-1.98237	-1.12392	-0.0147683
-1.9826	-1.02512	-0.0128795
-1.98293	-0.931962	-0.0188787
-1.97637	-0.846716	-0.0247356
-1.96965	-0.751399	-0.011386
-1.97331	-0.618982	-0.0119883
-1.97946	-0.55129	0.0108105
-1.98249	-0.473092	0.0141142
-1.98061	-0.33051	0.0485607
-1.9807	-0.224893	0.0787383
-1.98127	-0.128431	0.109377
-1.97667	-0.00687831	0.160724
-1.97733	0.107365	0.157559
-1.98037	0.174828	0.103396
-1.97952	0.244913	0.071061
-1.97553	0.338438	0.0492287
-1.97685	0.414778	0.0235756
-1.9796	0.486218	0.0125072
-1.98268	0.591639	0.00054685
-1.98023	0.704277	-0.000231648
-1.97976	0.81993	0.00359277
-1.97844	0.927929	0.00529658
-1.95701	1.04184	-0.00778445
-1.88957	1.20143	0.00886156
-1.78313	1.43105	-0.00345451
-1.7743	1.61093	-0.00570502

-1.89427	-1.99253	0.0134157
-1.90486	-1.98337	0.00601626
-1.91551	-1.9678	-0.00482311
-1.93595	-1.94113	0.00324421
-1.94657	-1.9184	0.000738754
-1.95389	-1.88071	0.00300429
-1.96057	-1.8165	0.0216281
-1.96813	-1.75668	0.0178187
-1.97143	-1.69374	0.0096424
-1.97088	-1.62743	0.00600771
-1.97567	-1.54224	0.00568792
-1.97616	-1.45768	0.00470346
-1.97036	-1.38032	-0.0134602
-1.97377	-1.28486	-0.0246082
-1.97598	-1.18249	-0.0194426
-1.9812	-1.09305	0.00129551
-1.98049	-1.00721	-0.00308198
-1.97668	-0.89159	-0.0175224
-1.97181	-0.795223	-0.00306017
-1.97909	-0.691314	-0.00127906
-1.98431	-0.601445	0.00742929
-1.98337	-0.507661	0.00906271
-1.9826	-0.400885	0.0275765
-1.98146	-0.277699	0.0682328
-1.98004	-0.18923	0.107747
-1.97309	-0.0824523	0.168917
-1.97279	0.00580275	0.177377
-1.97734	0.130413	0.121289
-1.96495	0.219481	0.159646
-1.9631	0.293949	0.124957
-1.96046	0.383345	0.0856436
-1.96336	0.450376	0.0500497
-1.97099	0.551265	0.0212637
-1.97452	0.645919	0.0177069
-1.97256	0.770992	0.00760563
-1.96931	0.878366	0.00938519
-1.94052	1.00939	0.00998534
-1.88023	1.17027	0.00993335
-1.78257	1.38034	0.00648624
-1.65277	1.60304	-0.00951018

-1.84046	-1.9892	0.0258121
-1.8642	-1.9841	0.0212718
-1.87773	-1.97448	0.00486031
-1.90583	-1.95196	0.00675864
-1.92228	-1.93118	0.00705855
-1.93364	-1.8953	0.00021669
-1.94229	-1.84929	-0.00084372
-1.94378	-1.81175	-0.00259583
-1.94843	-1.74832	0.00231259
-1.95984	-1.66107	-0.00795415
-1.96521	-1.57966	0.0104227
-1.9682	-1.49446	0.00923555
-1.96317	-1.41514	-0.0106779
-1.96668	-1.33258	-0.0137322
-1.9696	-1.21091	-0.0129336
-1.97352	-1.11828	0.00224208
-1.96394	-1.03888	0.00232226
-1.96116	-0.965831	-0.0039369
-1.961	-0.883881	0.00361449
-1.97322	-0.753988	0.000616525
-1.97801	-0.644031	-0.0071177
-1.97417	-0.540021	0.00282198
-1.96605	-0.460884	0.038627
-1.9698	-0.380225	0.0549469
-1.96798	-0.299938	0.1129
-1.9658	-0.148572	0.176995
-1.9641	-0.0739855	0.194206
-1.96697	0.0318358	0.170775
-1.95742	0.16237	0.199586
-1.95394	0.24752	0.194905
-1.95207	0.353847	0.129621
-1.95394	0.426905	0.074012
-1.9601	0.538525	0.0311621
-1.96227	0.619948	0.0298425
-1.95625	0.71681	0.0140081
-1.95127	0.822987	0.00191367
-1.92849	0.944221	-0.012038
-1.86947	1.12327	0.011529
-1.78679	1.31599	0.00687172
-1.36124	1.76337	0.00553331

-1.77632	-1.98939	0.0175201
-1.81312	-1.98471	0.0128052
-1.83257	-1.97733	0.00129691
-1.87234	-1.95912	-0.00218589
-1.89331	-1.93805	0.000150547
-1.90651	-1.90675	0.0103711
-1.92177	-1.86871	-0.005414
-1.92657	-1.83588	-0.013543
-1.92956	-1.7817	0.000486863
-1.94629	-1.70814	-0.0148482
-1.94868	-1.64857	-0.00482598
-1.95195	-1.55968	-0.00224859
-1.94738	-1.47163	-0.00990218
-1.95044	-1.39762	-0.00687604
-1.94919	-1.31185	-0.00909983
-1.95333	-1.21027	-0.0110224
-1.95123	-1.08534	-0.0157073
-1.95157	-1.00813	-0.018575
-1.94592	-0.944631	-0.0171406
-1.94753	-0.842171	-0.0126355
-1.95975	-0.715385	-0.00754777
-1.95842	-0.604189	0.00316486
-1.95522	-0.50426	0.0307136
-1.95749	-0.407318	0.0898598
-1.9519	-0.344521	0.145539
-1.95077	-0.245667	0.188909
-1.95603	-0.147694	0.204544
-1.95332	-0.0439892	0.246588
-1.94828	0.0443448	0.275194
-1.94439	0.125441	0.265615
-1.94194	0.25571	0.209565
-1.93854	0.35393	0.164374
-1.9452	0.487048	0.0475108
-1.94794	0.567984	0.0153108
-1.94343	0.662535	0.014739
-1.93737	0.749205	-0.000224376
-1.90678	0.870407	-0.0156022
-1.84478	1.03543	-0.0139958
-1.72748	1.24759	0.00942172
-1.16457	1.80608	0.00477157

-1.7101	-1.99196	0.00363035
-1.76365	-1.98726	0.00472337
-1.77956	-1.97897	0.012585
-1.81267	-1.96245	0.00406281
-1.83637	-1.94893	-0.000637355
-1.86528	-1.92577	-0.00428024
-1.88625	-1.89161	-0.0074811
-1.89721	-1.85501	-0.0113926
-1.90587	-1.81635	-0.00585283
-1.92323	-1.74994	-0.011134
-1.9273	-1.70843	-0.00987347
-1.93019	-1.62607	-0.00351847
-1.93173	-1.54473	-0.00270646
-1.93544	-1.44775	-0.00108563
-1.93559	-1.35979	-0.00190748
-1.93616	-1.2978	0.0116145
-1.93907	-1.18015	-0.0157908
-1.94169	-1.07541	-0.0218938
-1.93489	-0.96887	-0.0133044
-1.92925	-0.878539	-0.0188417
-1.93784	-0.795376	-0.0145318
-1.9422	-0.716179	-0.000228223
-1.94016	-0.603308	0.00899859
-1.9402	-0.466622	0.0858843
-1.94176	-0.381879	0.145615
-1.93953	-0.28857	0.189161
-1.94363	-0.205201	0.214356
-1.94716	-0.104575	0.234863
-1.94642	-0.00896816	0.26381
-1.9427	0.0670836	0.266118
-1.93437	0.175254	0.249839
-1.93233	0.261104	0.229584
-1.93634	0.404136	0.144475
-1.93715	0.503033	0.0657859
-1.93429	0.615084	0.0269741
-1.92876	0.699455	0.00562181
-1.90546	0.814231	-0.00206758
-1.8531	0.976047	-0.00501138
-1.61498	1.17707	0.128943
-1.27281	1.64067	0.0101932

-1.64945	-1.99096	0.00267212
-1.6951	-1.99028	-0.00432519
-1.72186	-1.98107	0.00473912
-1.76622	-1.96474	0.00785831
-1.79979	-1.94973	-0.00204577
-1.82548	-1.93481	0.00201278
-1.84302	-1.91008	-0.00571498
-1.8642	-1.87323	-0.00685636
-1.88118	-1.83503	0.00369475
-1.89845	-1.78259	-0.014855
-1.90306	-1.74102	-0.0119856
-1.91112	-1.67988	-0.0131134
-1.91902	-1.60574	-0.0046523
-1.922	-1.51298	-0.00234096
-1.9264	-1.41079	-0.00800151
-1.92857	-1.33712	-0.00451552
-1.92699	-1.25274	-0.0159837
-1.92306	-1.18014	-0.00679733
-1.91698	-1.08898	-0.00387944
-1.91822	-0.959824	-0.0155407
-1.92828	-0.84028	-0.0137108
-1.92368	-0.761601	-0.00801009
-1.9152	-0.691573	-0.00050666
-1.92145	-0.586321	0.0452521
-1.9242	-0.499558	0.108762
-1.9223	-0.395814	0.185511
-1.92397	-0.286909	0.234684
-1.93027	-0.184412	0.254783
-1.93598	-0.068703	0.274601
-1.93255	0.0107412	0.294832
-1.92715	0.109939	0.288078
-1.92542	0.194788	0.281195
-1.92752	0.313553	0.24367
-1.92301	0.416149	0.193744
-1.91754	0.523615	0.137452
-1.91285	0.62915	0.0542175
-1.89023	0.733018	0.0277586
-1.85	0.886322	0.017228
-1.51823	1.0825	0.31794
-1.38831	1.36786	0.169972

-1.58585	-1.99121	0.00565095
-1.61827	-1.99149	-0.00483171
-1.6478	-1.98009	0.0105824
-1.68265	-1.96832	0.0135402
-1.73231	-1.9537	-0.00267175
-1.7746	-1.93798	-0.00364716
-1.80261	-1.91375	-0.0186961
-1.82322	-1.88481	-0.000109471
-1.85542	-1.84709	0.000238567
-1.86695	-1.80969	-0.00741075
-1.8767	-1.76836	-0.0114624
-1.89168	-1.70647	-0.00485059
-1.90007	-1.6398	0.011096
-1.90691	-1.57576	0.0255443
-1.91011	-1.50333	0.010304
-1.91552	-1.39777	0.00361385
-1.91484	-1.30841	-0.00832206
-1.9127	-1.22759	-0.0197985
-1.91099	-1.14926	0.00102764
-1.91027	-1.05578	-0.00285039
-1.91392	-0.94575	-0.0134032
-1.91483	-0.815151	-0.00716
-1.90699	-0.72431	0.00986937
-1.91014	-0.646095	0.0388726
-1.91185	-0.570097	0.0918145
-1.91147	-0.461486	0.184062
-1.91378	-0.336305	0.249207
-1.91561	-0.260493	0.280832
-1.91448	-0.165266	0.318161
-1.91318	-0.0704149	0.330464
-1.90936	0.0147903	0.342599
-1.90744	0.11156	0.340025
-1.9085	0.231276	0.318901
-1.90917	0.332519	0.27797
-1.90946	0.424333	0.222123
-1.90792	0.568697	0.086919
-1.88407	0.67875	0.047911
-1.83105	0.819789	0.0692385
-1.60271	1.00095	0.27559
-1.32487	1.18806	0.438522

-1.53183	-1.99144	0.0104867
-1.55884	-1.99201	8.24597e-05
-1.59324	-1.98023	0.0229243
-1.62007	-1.96924	0.00474884
-1.66371	-1.95252	-0.012899
-1.70345	-1.94004	-0.00668645
-1.74672	-1.92027	-0.00559821
-1.76865	-1.89822	0.00928191
-1.80705	-1.86281	0.0064513
-1.83204	-1.827	0.0035052
-1.84105	-1.78779	-0.0127012
-1.85939	-1.73925	-0.000545257
-1.87552	-1.67748	-0.0140567
-1.88764	-1.62248	-0.00140217
-1.88909	-1.54915	-0.0116573
-1.89311	-1.45595	-0.010982
-1.89355	-1.38661	-0.0248494
-1.89444	-1.30244	-0.0234127
-1.90134	-1.20371	0.0112314
-1.8996	-1.12764	0.0189421
-1.9086	-1.04142	-0.00468805
-1.90826	-0.946755	0.00225614
-1.90256	-0.80737	0.009826
-1.90387	-0.690753	0.0254823
-1.89987	-0.618784	0.0930224
-1.88533	-0.528328	0.229295
-1.89209	-0.432004	0.250862
-1.89726	-0.351192	0.279634
-1.89927	-0.22426	0.336011
-1.90272	-0.10045	0.345773
-1.89767	-0.0203041	0.344271
-1.89745	0.0537198	0.347405
-1.90032	0.142014	0.346978
-1.90242	0.268435	0.302483
-1.90073	0.369217	0.276462
-1.89271	0.493172	0.207977
-1.87525	0.59582	0.17748
-1.81934	0.754529	0.17481
-1.70431	0.921275	0.223561
-1.20612	1.2776	0.468636

-1.44504	-1.98845	0.00260326
-1.47235	-1.99045	0.0169412
-1.51161	-1.98171	0.0162133
-1.54543	-1.97052	-0.0221877
-1.59251	-1.95842	-0.0243936
-1.6376	-1.94584	-0.00639217
-1.69008	-1.92791	-0.00717708
-1.71448	-1.90807	0.00255541
-1.75448	-1.87605	-0.0142088
-1.77954	-1.84651	-0.012844
-1.80558	-1.80682	-0.00950857
-1.82681	-1.76375	-0.000717464
-1.84641	-1.70562	-0.0237452
-1.85453	-1.65912	-0.00159627
-1.85844	-1.58956	-0.00330124
-1.86441	-1.52731	-0.00648683
-1.87516	-1.45304	-0.020417
-1.87441	-1.3821	-0.0159081
-1.88542	-1.27508	-0.00388682
-1.88244	-1.1951	-0.000162324
-1.89359	-1.10008	0.00312504
-1.88144	-1.01826	-0.00179404
-1.87933	-0.926773	-0.000567527
-1.88387	-0.804777	-0.00479582
-1.88125	-0.70648	0.0680161
-1.87582	-0.586127	0.206367
-1.88226	-0.477584	0.256005
-1.88142	-0.408838	0.302527
-1.87823	-0.312461	0.34099
-1.87971	-0.196563	0.359924
-1.87955	-0.111337	0.378607
-1.88701	0.00149567	0.374065
-1.8872	0.0961107	0.365693
-1.8865	0.20151	0.334513
-1.88113	0.287804	0.34473
-1.87969	0.416551	0.295363
-1.85898	0.530416	0.280392
-1.7758	0.684319	0.330013
-1.62496	0.867271	0.403274
-0.975395	1.29843	0.541574

-1.35839	-1.98897	-0.000102551
-1.40038	-1.99053	0.0154697
-1.42882	-1.98301	0.0138871
-1.48347	-1.97013	-0.00641403
-1.52178	-1.96046	-0.00422886
-1.56297	-1.95196	-0.00973095
-1.6127	-1.93629	-0.0112971
-1.6502	-1.91469	-0.00339699
-1.69247	-1.89027	-0.0166803
-1.71562	-1.86735	-0.000119542
-1.74993	-1.83121	-0.00197868
-1.77602	-1.79579	-0.00472559
-1.8033	-1.74256	-0.0119406
-1.82485	-1.68753	0.0113565
-1.83767	-1.6206	0.006177
-1.84257	-1.55971	0.000433848
-1.85468	-1.49511	-0.0137657
-1.85194	-1.4337	-0.0109302
-1.86498	-1.34457	-0.00419698
-1.8694	-1.25424	-0.00606409
-1.87489	-1.16916	0.00479568
-1.86965	-1.07118	-0.00782251
-1.86796	-0.983146	-0.0161398
-1.87133	-0.879007	-0.0042883
-1.87019	-0.789531	0.031309
-1.86405	-0.689149	0.125638
-1.86675	-0.560411	0.223832
-1.86379	-0.472804	0.292315
-1.86159	-0.37516	0.347872
-1.8683	-0.272695	0.371975
-1.86489	-0.186334	0.388434
-1.86288	-0.089966	0.406066
-1.85812	0.00958954	0.40512
-1.86647	0.125014	0.372222
-1.86684	0.217345	0.371673
-1.85927	0.333996	0.359481
-1.84843	0.457497	0.330519
-1.74874	0.619696	0.418154
-1.60127	0.802061	0.484752
-0.805374	1.43301	0.52555

-1.23548	-1.98874	0.00479632
-1.28675	-1.9915	0.00220514
-1.31942	-1.98628	0.0147184
-1.38526	-1.97438	0.00840166
-1.44562	-1.96263	0.00416668
-1.49726	-1.95077	-0.00482673
-1.53114	-1.93855	-0.0119269
-1.56773	-1.9248	-0.002495
-1.62871	-1.89993	-0.00449758
-1.66177	-1.87667	0.00213508
-1.70294	-1.84086	-0.00716959
-1.73229	-1.81083	-0.0104953
-1.75709	-1.76908	-0.0207407
-1.78282	-1.72205	-0.0120342
-1.79955	-1.67109	-0.0280288
-1.81378	-1.61317	-0.0183739
-1.83343	-1.53616	-0.0224027
-1.83785	-1.46404	-0.00825773
-1.84828	-1.38633	0.0205473
-1.84518	-1.32384	0.00607193
-1.84736	-1.24227	0.00241083
-1.84604	-1.16578	0.00216611
-1.84774	-1.06444	-0.00804247
-1.85597	-0.963412	-0.013519
-1.8565	-0.868757	-0.0134455
-1.85283	-0.774124	0.0389762
-1.84722	-0.684868	0.142396
-1.84069	-0.58869	0.277683
-1.84369	-0.485058	0.327432
-1.84882	-0.357091	0.367114
-1.85246	-0.253007	0.383861
-1.85032	-0.138105	0.410027
-1.85138	-0.0244521	0.402019
-1.8569	0.0741432	0.398332
-1.85554	0.15918	0.390844
-1.8466	0.270936	0.394676
-1.82572	0.400489	0.391031
-1.73172	0.562914	0.446174
-1.60959	0.721026	0.507017
-0.520677	1.52541	0.513595

-1.11819	-1.98914	0.00337685
-1.19824	-1.99133	0.00793905
-1.2501	-1.98637	0.0143375
-1.28816	-1.97428	0.0115883
-1.33976	-1.96146	0.0192337
-1.41415	-1.9511	0.00968292
-1.4769	-1.93871	-0.000347491
-1.5014	-1.92675	0.00410738
-1.54883	-1.90816	0.000286193
-1.59278	-1.8811	0.00125737
-1.64239	-1.85301	-0.00464429
-1.67465	-1.8272	-0.0148069
-1.70512	-1.7904	-0.0144936
-1.73313	-1.7495	0.000194796
-1.76356	-1.70231	-0.0167657
-1.7802	-1.65261	-0.0167681
-1.79293	-1.59307	-0.00267945
-1.80408	-1.52921	-0.00271816
-1.81766	-1.45343	0.0132358
-1.81615	-1.37758	0.00963977
-1.82705	-1.28621	0.000396142
-1.8284	-1.20864	-0.0036879
-1.82806	-1.12969	-0.016509
-1.83157	-1.05334	-0.00847798
-1.83367	-0.947756	-0.00346927
-1.84096	-0.842493	0.018603
-1.83969	-0.769954	0.0799202
-1.82956	-0.657816	0.225796
-1.82374	-0.551898	0.324804
-1.8257	-0.466155	0.3677
-1.82792	-0.371817	0.392574
-1.82777	-0.254385	0.437693
-1.83221	-0.134128	0.440171
-1.83802	-0.00204956	0.420097
-1.83593	0.0989296	0.428636
-1.83057	0.206791	0.429314
-1.80203	0.331782	0.437202
-1.74302	0.483446	0.455935
-1.37919	0.689515	0.602451
-0.514396	1.59989	0.419709

-1.01551	-1.98658	0.0057531
-1.06493	-1.98761	0.00844507
-1.14406	-1.98518	0.00320579
-1.20557	-1.97484	0.000842338
-1.26346	-1.96168	0.0226088
-1.31439	-1.95143	0.0316805
-1.39125	-1.93967	0.00748385
-1.44287	-1.92483	-0.0132395
-1.46542	-1.91143	-0.013357
-1.51548	-1.88826	-0.00379531
-1.58228	-1.85864	0.0116549
-1.62186	-1.83607	-0.000243236
-1.65862	-1.80266	0.00013047
-1.6937	-1.76362	0.00185394
-1.72593	-1.72284	0.00240168
-1.75027	-1.66845	-0.0106257
-1.76616	-1.61704	0.00331848
-1.7795	-1.55516	0.000172649
-1.78837	-1.50407	-0.00429005
-1.79039	-1.43365	0.00251172
-1.80153	-1.33499	-0.00578864
-1.80814	-1.25003	-0.0034542
-1.81058	-1.17958	-0.00221336
-1.80995	-1.09973	0.00446644
-1.81627	-0.999412	-0.000549349
-1.82701	-0.88852	0.0108565
-1.82294	-0.807031	0.0939807
-1.81108	-0.719271	0.229966
-1.81	-0.612681	0.320656
-1.81178	-0.508742	0.363564
-1.81144	-0.419236	0.390089
-1.82109	-0.314297	0.427274
-1.8175	-0.240528	0.437872
-1.81405	-0.112972	0.450306
-1.80905	0.0234639	0.459744
-1.8058	0.148209	0.468111
-1.79309	0.259656	0.453067
-1.71081	0.418129	0.500787
-1.44025	0.627368	0.594077
-0.256428	1.64369	0.453917

-0.946061	-1.9885	0.00751488
-0.98754	-1.98713	0.0121679
-1.04551	-1.98497	0.0121892
-1.09444	-1.97805	-0.000935463
-1.17479	-1.96625	0.00712811
-1.22033	-1.95718	0.0176096
-1.29413	-1.94227	0.00662696
-1.36756	-1.92735	-0.0132733
-1.39974	-1.91245	-0.0194419
-1.44021	-1.89255	-0.0220163
-1.50139	-1.86771	-0.00421834
-1.54504	-1.84609	0.0208575
-1.58274	-1.82424	0.0174237
-1.6285	-1.78734	0.0201164
-1.65241	-1.74964	0.00885398
-1.69063	-1.70499	0.0142988
-1.71286	-1.66274	0.0231149
-1.74895	-1.58907	0.0140073
-1.76221	-1.53867	0.00061896
-1.7598	-1.46969	-0.00212638
-1.76665	-1.40182	-0.0130059
-1.77998	-1.30961	-0.00896903
-1.78497	-1.23397	-0.00828003
-1.78596	-1.14801	-0.00915588
-1.79242	-1.05615	-0.00315519
-1.79648	-0.969082	0.00780957
-1.79722	-0.866741	0.0793444
-1.79304	-0.787726	0.189601
-1.7889	-0.701052	0.296238
-1.78781	-0.598483	0.355493
-1.78505	-0.488325	0.426011
-1.79861	-0.383517	0.432623
-1.79824	-0.300538	0.45442
-1.79346	-0.203928	0.477017
-1.79441	-0.0749919	0.479813
-1.79157	0.0844764	0.489251
-1.78219	0.191471	0.487903
-1.67836	0.345999	0.560832
-1.52191	0.495257	0.612106
0.0663776	1.63529	0.406752

-0.83415	-1.99025	0.0178305
-0.874819	-1.99034	0.01037
-0.947667	-1.98409	0.00528422
-0.981961	-1.97799	0.0047373
-1.092	-1.96746	0.00126499
-1.13524	-1.95801	0.00616345
-1.20371	-1.94334	0.0159092
-1.27094	-1.92875	-0.0104149
-1.32605	-1.91456	-0.00857012
-1.36347	-1.90133	-0.0175585
-1.42733	-1.87689	0.00474146
-1.49839	-1.8497	0.0189462
-1.52811	-1.83173	0.0129814
-1.57212	-1.80251	0.0165041
-1.60893	-1.76441	0.0120177
-1.65329	-1.71802	0.0199118
-1.67423	-1.67577	0.019766
-1.70736	-1.61752	0.0200748
-1.71132	-1.57345	0.0171716
-1.72511	-1.50911	0.0103679
-1.73852	-1.44504	-0.00834272
-1.74397	-1.36904	-0.0140505
-1.74527	-1.28485	-0.00552233
-1.7517	-1.21204	0.0108294
-1.76442	-1.13029	0.00977309
-1.76983	-1.04157	0.000557834
-1.78276	-0.93843	0.0475059
-1.7823	-0.874723	0.125942
-1.77503	-0.775328	0.25833
-1.76891	-0.662152	0.36148
-1.7694	-0.533961	0.432796
-1.77204	-0.458903	0.432904
-1.77525	-0.371987	0.456625
-1.77464	-0.266073	0.478276
-1.77777	-0.161449	0.491111
-1.7775	-0.0384377	0.495492
-1.76609	0.11792	0.531449
-1.68435	0.27811	0.575712
-1.45264	0.442734	0.642099
0.522168	1.56854	0.377112

-0.744831	-1.99177	0.0185531
-0.782039	-1.99111	-0.00451951
-0.841488	-1.98422	-0.00937933
-0.875901	-1.98001	0.00219192
-0.969045	-1.96841	0.00394691
-1.03084	-1.9589	-0.00697556
-1.07642	-1.94741	0.0122508
-1.16936	-1.9302	-0.00369647
-1.25007	-1.91603	-0.00290496
-1.2835	-1.90508	-0.00324778
-1.3335	-1.88316	-0.00215541
-1.40621	-1.85939	0.000780694
-1.45728	-1.83654	0.00632062
-1.50826	-1.80756	0.00536287
-1.54114	-1.78095	-0.000456943
-1.58479	-1.73998	0.00506985
-1.61648	-1.69997	0.00733268
-1.64699	-1.65262	-0.00132489
-1.67136	-1.60304	-0.00163128
-1.69334	-1.54075	0.00173703
-1.70632	-1.48484	-0.00145843
-1.71229	-1.41669	-0.00296887
-1.72046	-1.32352	0.00644054
-1.73053	-1.25373	0.012315
-1.74325	-1.17125	-0.0110184
-1.74829	-1.08695	-0.00142334
-1.76094	-0.971101	0.0744218
-1.75892	-0.922779	0.133263
-1.75411	-0.834174	0.240972
-1.74327	-0.72422	0.349423
-1.75169	-0.594359	0.418292
-1.74989	-0.5129	0.45242
-1.75106	-0.437094	0.468954
-1.75794	-0.333718	0.488488
-1.75976	-0.212366	0.502847
-1.75655	-0.111843	0.513972
-1.72922	0.042999	0.534269
-1.68157	0.181561	0.567391
-1.44084	0.384673	0.636332
1.15565	1.4012	0.301607

-0.63429	-1.99139	-0.00773967
-0.678475	-1.99038	-0.0217987
-0.739995	-1.98392	-0.020008
-0.783173	-1.97687	-0.00515169
-0.835247	-1.96927	-0.00075434
-0.924447	-1.96062	-0.000186438
-0.968735	-1.95026	0.00758534
-1.05396	-1.93435	-0.00114982
-1.14211	-1.91817	0.0107995
-1.1925	-1.90501	0.0108137
-1.27211	-1.88483	0.0029806
-1.32115	-1.86302	-0.00437671
-1.36846	-1.84272	-0.00167196
-1.42736	-1.8183	0.000269023
-1.47671	-1.79349	-0.00380551
-1.53104	-1.75398	-0.00499558
-1.56342	-1.71937	0.00761932
-1.60318	-1.67294	0.0164308
-1.62803	-1.62654	0.013912
-1.65276	-1.57067	0.00854096
-1.66836	-1.52077	0.0099558
-1.67367	-1.46024	0.0105562
-1.68565	-1.3826	0.0133723
-1.69027	-1.32439	0.00303593
-1.70445	-1.22383	0.00981647
-1.70834	-1.14618	0.023968
-1.72699	-1.02169	0.0948025
-1.72756	-0.950173	0.18281
-1.7248	-0.872556	0.282643
-1.72118	-0.799377	0.349947
-1.72824	-0.69801	0.402261
-1.72954	-0.591179	0.449685
-1.72933	-0.482301	0.485565
-1.73315	-0.387998	0.510925
-1.72899	-0.291056	0.504718
-1.73124	-0.187943	0.508818
-1.71097	-0.0333071	0.52999
-1.63395	0.139309	0.592443
-1.46517	0.29514	0.637391
1.02535	1.18655	0.45679

-0.530198	-1.98985	-0.00769182
-0.599524	-1.98941	-0.0223889
-0.651685	-1.98299	-0.0190443
-0.71567	-1.9746	0.00286859
-0.762385	-1.96711	-0.00529463
-0.841983	-1.95277	-0.00855917
-0.887297	-1.94459	0.00769658
-0.959591	-1.93443	0.0117194
-1.04386	-1.91688	0.00803561
-1.08998	-1.90545	0.0155356
-1.17528	-1.89028	-0.0049221
-1.22263	-1.87455	-0.00632731
-1.27541	-1.85453	-0.0072672
-1.34191	-1.82585	-0.00525839
-1.39887	-1.79997	-0.00292341
-1.46308	-1.76584	-0.0134091
-1.50005	-1.73477	-0.00535918
-1.55877	-1.68294	0.0153375
-1.58398	-1.63908	0.0145172
-1.6073	-1.59105	0.0151988
-1.63256	-1.53296	0.0162163
-1.64417	-1.48036	0.0138294
-1.66225	-1.4094	0.0133065
-1.66607	-1.35465	0.0124692
-1.66829	-1.26539	0.015457
-1.67247	-1.19391	0.0291638
-1.67553	-1.10096	0.103952
-1.68172	-1.02557	0.186122
-1.69395	-0.929475	0.291718
-1.69939	-0.849391	0.369538
-1.7084	-0.764999	0.408617
-1.70826	-0.688015	0.433353
-1.70833	-0.573276	0.47448
-1.70617	-0.467902	0.515908
-1.70927	-0.372935	0.509934
-1.71338	-0.261485	0.522396
-1.70473	-0.126095	0.536608
-1.6319	0.070838	0.595014
-1.49663	0.21505	0.631194
0.39457	0.916156	0.42806

-0.417817	-1.98776	0.00234709
-0.49837	-1.9893	-0.010887
-0.543962	-1.98394	-0.0113272
-0.621968	-1.97166	-0.00329709
-0.662822	-1.96399	0.00435911
-0.744891	-1.95389	-0.00377211
-0.806277	-1.94436	0.00611334
-0.866722	-1.93113	0.0137371
-0.953917	-1.9172	0.00778191
-1.0193	-1.90461	0.0184384
-1.09008	-1.89196	0.00376917
-1.15006	-1.87496	0.00792728
-1.19277	-1.85646	-0.000866797
-1.24993	-1.83243	-0.00118537
-1.32951	-1.80114	-0.00398906
-1.38471	-1.77509	-0.00693304
-1.41452	-1.75029	-0.00660108
-1.45659	-1.71257	0.00231234
-1.50191	-1.66638	0.0193699
-1.53521	-1.62204	0.0212992
-1.56298	-1.57186	0.0142652
-1.59212	-1.50956	0.00582369
-1.61911	-1.4359	0.00442419
-1.6275	-1.37733	0.00196242
-1.63887	-1.29273	0.0040028
-1.64313	-1.22876	0.0211257
-1.64667	-1.13756	0.0945019
-1.66177	-1.06837	0.152147
-1.67091	-0.986631	0.257255
-1.67018	-0.903524	0.347252
-1.68292	-0.811712	0.398895
-1.68465	-0.749565	0.425264
-1.68901	-0.617448	0.471331
-1.6905	-0.505239	0.506444
-1.68903	-0.428337	0.509917
-1.68785	-0.320433	0.54667
-1.67463	-0.189277	0.565352
-1.60906	0.00242272	0.599559
-1.40831	0.165064	0.655504
-0.403809	0.673723	0.48548

-0.286994	-1.98659	0.0448613
-0.391042	-1.98995	0.0216236
-0.426598	-1.98443	0.0191248
-0.530751	-1.97082	-0.00382357
-0.583049	-1.96252	-0.00372969
-0.639939	-1.95664	-0.00528774
-0.700057	-1.94269	0.00143694
-0.758772	-1.92719	0.00921785
-0.826359	-1.91642	0.00168384
-0.934493	-1.90413	0.00532829
-1.00659	-1.89191	0.00215637
-1.06717	-1.87605	0.00130826
-1.12431	-1.85496	0.00104985
-1.16238	-1.83754	-0.000330941
-1.2427	-1.80874	-0.00459089
-1.30361	-1.78183	-0.00989166
-1.35775	-1.75306	0.00163468
-1.40105	-1.72038	0.0026961
-1.44142	-1.67743	0.00387181
-1.47958	-1.63644	0.0309322
-1.50223	-1.60329	0.0226864
-1.52308	-1.55097	-0.00329294
-1.555	-1.47926	-0.00624846
-1.57891	-1.41942	0.00228301
-1.60102	-1.33675	0.0173213
-1.60688	-1.27045	0.0233415
-1.61671	-1.18337	0.0648781
-1.62543	-1.11507	0.171584
-1.62896	-1.04406	0.264905
-1.63621	-0.966617	0.339472
-1.64941	-0.884047	0.387877
-1.64879	-0.816371	0.428975
-1.65169	-0.707548	0.475789
-1.65779	-0.58868	0.497352
-1.65574	-0.506973	0.525599
-1.65739	-0.405213	0.55677
-1.64781	-0.250615	0.578627
-1.58877	-0.0599664	0.614146
-1.29707	0.141579	0.663037
-0.783936	0.486971	0.552258

-0.169125	-1.98734	0.0845088
-0.247695	-1.98931	0.0454253
-0.305966	-1.98731	0.0141557
-0.379687	-1.97677	0.00471881
-0.479968	-1.96578	-0.00664066
-0.534908	-1.95899	-0.00754429
-0.607612	-1.94423	0.000104255
-0.678795	-1.92697	0.00250549
-0.722774	-1.9169	0.00196174
-0.813698	-1.90406	0.0118092
-0.912168	-1.8906	0.0130866
-0.964063	-1.87587	0.0115323
-1.05425	-1.85444	0.0106813
-1.09455	-1.8346	0.000657163
-1.14082	-1.81613	-0.00545984
-1.20204	-1.7889	0.00165427
-1.26827	-1.76135	0.0132309
-1.31732	-1.73156	0.0155163
-1.36121	-1.69493	0.00974509
-1.4227	-1.65256	0.0176239
-1.4606	-1.61246	0.0267378
-1.47541	-1.57066	-0.0039269
-1.50737	-1.50906	-0.0227129
-1.52277	-1.46311	-0.0204102
-1.54698	-1.38738	-0.00517017
-1.56211	-1.32012	0.00581145
-1.58064	-1.23636	0.0456927
-1.58442	-1.1647	0.186372
-1.5899	-1.10196	0.277836
-1.60362	-1.01835	0.345801
-1.61067	-0.934208	0.401867
-1.61347	-0.860366	0.452413
-1.62392	-0.761374	0.474328
-1.63086	-0.665567	0.495601
-1.63793	-0.559333	0.537465
-1.6367	-0.47257	0.559212
-1.6233	-0.33632	0.594676
-1.56947	-0.168793	0.61913
-1.33311	0.0533674	0.654607
-1.01148	0.256189	0.600941

-0.0892245	-1.98869	0.0983532
-0.138602	-1.98874	0.0904904
-0.225856	-1.98591	0.0523932
-0.283407	-1.97824	0.058808
-0.388762	-1.96762	0.0429322
-0.444783	-1.9567	0.0378672
-0.500746	-1.9439	0.0353188
-0.568499	-1.92915	0.0383724
-0.622474	-1.91454	0.0450082
-0.687794	-1.90387	0.0221529
-0.798784	-1.88959	-0.00275199
-0.865658	-1.87535	0.00781845
-0.939389	-1.86115	0.0133258
-1.01777	-1.83399	0.00238343
-1.05366	-1.8171	0.00230679
-1.12306	-1.79124	-0.0020115
-1.17854	-1.76912	0.0178015
-1.23427	-1.74005	0.00640083
-1.28878	-1.70699	0.00291372
-1.34436	-1.66752	-0.00858994
-1.39377	-1.62644	-0.00246637
-1.41381	-1.59403	-0.0145367
-1.45845	-1.53741	-0.00888271
-1.47097	-1.49662	-0.00995609
-1.49543	-1.43572	0.0031919
-1.51067	-1.36313	0.00364553
-1.53449	-1.28544	0.065121
-1.55198	-1.20694	0.181674
-1.56253	-1.12687	0.293934
-1.56268	-1.06417	0.373338
-1.56228	-0.984032	0.429123
-1.5811	-0.903243	0.45045
-1.59629	-0.820452	0.46898
-1.60202	-0.71335	0.506742
-1.60719	-0.622008	0.542789
-1.61002	-0.524021	0.565986
-1.6004	-0.390678	0.593785
-1.53146	-0.225593	0.637988
-1.40336	-0.027178	0.64523
-1.10491	0.123936	0.596451

0.00904446	-1.98992	0.0794262
-0.0431834	-1.98816	0.105884
-0.115092	-1.98602	0.0903643
-0.194648	-1.97724	0.107572
-0.281779	-1.96636	0.108771
-0.340647	-1.95694	0.108321
-0.413728	-1.94263	0.0992673
-0.47107	-1.93285	0.0857307
-0.546579	-1.9165	0.0970178
-0.599068	-1.90503	0.0820397
-0.68813	-1.88671	0.0437297
-0.779832	-1.87777	0.0120896
-0.826548	-1.86694	0.00832083
-0.930522	-1.83716	0.0122246
-0.963241	-1.81816	0.00797173
-1.03799	-1.78937	-0.00123487
-1.09724	-1.76842	0.0121919
-1.15589	-1.74714	0.00279195
-1.20793	-1.71591	-0.00398875
-1.25686	-1.68699	-0.0147384
-1.31607	-1.64664	-0.00345678
-1.3544	-1.60681	-0.00433111
-1.39818	-1.55998	-0.00731689
-1.42456	-1.5143	-0.000917565
-1.44928	-1.45948	0.0191977
-1.46691	-1.40033	0.0239081
-1.49593	-1.32369	0.080156
-1.50136	-1.2604	0.18546
-1.51227	-1.188	0.29321
-1.52321	-1.10457	0.373889
-1.5245	-1.02991	0.429353
-1.54603	-0.944215	0.453655
-1.55476	-0.871188	0.494542
-1.56057	-0.774794	0.530548
-1.56515	-0.695295	0.548215
-1.57132	-0.585472	0.564254
-1.56515	-0.442869	0.584987
-1.50927	-0.293403	0.62953
-1.42574	-0.104486	0.634625
-0.974255	0.182079	0.494445

0.128196	-1.99176	0.0452664
0.0577395	-1.98823	0.109533
0.0260483	-1.98759	0.10791
-0.0754912	-1.97727	0.136213
-0.178504	-1.96554	0.157254
-0.229281	-1.9595	0.167644
-0.310383	-1.94655	0.163249
-0.368986	-1.93473	0.160567
-0.454341	-1.92246	0.163626
-0.497187	-1.90971	0.181876
-0.571625	-1.88973	0.161407
-0.70008	-1.8771	0.0661734
-0.747206	-1.86616	0.044867
-0.822594	-1.84237	0.0406089
-0.863502	-1.82413	0.0205777
-0.930803	-1.79504	-0.00104237
-0.99083	-1.77322	0.0121343
-1.0611	-1.75125	-0.0130843
-1.13815	-1.71948	-0.00207512
-1.18847	-1.69452	-0.00105757
-1.24289	-1.65603	0.0184021
-1.29492	-1.61415	-0.00406891
-1.33402	-1.572	0.0127204
-1.36434	-1.53129	0.0141421
-1.40214	-1.47351	0.0294291
-1.42196	-1.42612	0.0484061
-1.45207	-1.35004	0.127716
-1.4635	-1.29484	0.216966
-1.46717	-1.24367	0.292067
-1.48885	-1.15707	0.342804
-1.4929	-1.07891	0.401908
-1.50221	-1.00219	0.443743
-1.51105	-0.902935	0.50004
-1.52246	-0.80678	0.544883
-1.52555	-0.724467	0.561317
-1.53295	-0.630719	0.572968
-1.53269	-0.500685	0.595689
-1.47398	-0.346699	0.63898
-1.33834	-0.164221	0.647152
-0.775776	0.232551	0.383014

0.207678	-1.98886	0.052001
0.143714	-1.98897	0.0708878
0.11438	-1.98531	0.106944
0.0281784	-1.9759	0.161629
-0.0604071	-1.96645	0.176497
-0.143476	-1.95393	0.218501
-0.204801	-1.94544	0.217368
-0.296386	-1.9295	0.23705
-0.359381	-1.92167	0.234771
-0.420746	-1.90855	0.226418
-0.477861	-1.8925	0.225326
-0.591546	-1.87315	0.202158
-0.65928	-1.86102	0.164456
-0.730331	-1.84414	0.127175
-0.787462	-1.82702	0.0951152
-0.861201	-1.79894	0.0736926
-0.892877	-1.78209	0.101758
-0.967772	-1.75582	0.0711635
-1.07056	-1.72147	0.0141912
-1.10549	-1.70005	0.0300795
-1.16003	-1.66326	0.0333434
-1.21384	-1.62858	0.0133012
-1.26245	-1.58729	0.0337432
-1.2881	-1.54962	0.0485807
-1.3297	-1.50184	0.0629789
-1.3517	-1.45742	0.11004
-1.3974	-1.37794	0.209932
-1.42403	-1.32014	0.260399
-1.43391	-1.26707	0.308657
-1.44682	-1.18975	0.356613
-1.4564	-1.11973	0.413429
-1.45727	-1.03675	0.492198
-1.46142	-0.962768	0.522906
-1.47321	-0.865429	0.540236
-1.48273	-0.767212	0.551494
-1.49336	-0.67693	0.582762
-1.49811	-0.569643	0.60085
-1.45565	-0.416779	0.634926
-1.29993	-0.223783	0.666399
-0.365331	0.307452	0.112132

0.278402	-1.9871	0.0131616
0.232245	-1.98888	0.0134393
0.207482	-1.98004	0.0997789
0.127551	-1.97094	0.172449
0.0578602	-1.96554	0.186016
-0.0576514	-1.95252	0.236029
-0.0916599	-1.94176	0.256737
-0.182879	-1.93009	0.270287
-0.260692	-1.91908	0.280331
-0.33052	-1.90588	0.266762
-0.387585	-1.89095	0.269832
-0.477822	-1.87557	0.271982
-0.551129	-1.85942	0.264532
-0.626966	-1.84631	0.240681
-0.669344	-1.82818	0.24426
-0.759097	-1.8056	0.195329
-0.829185	-1.77654	0.228514
-0.878737	-1.75093	0.231627
-0.967755	-1.7262	0.158897
-1.01805	-1.70827	0.116305
-1.08372	-1.67229	0.108269
-1.13587	-1.63576	0.117541
-1.1933	-1.59094	0.154094
-1.22459	-1.56006	0.161577
-1.26777	-1.51545	0.168801
-1.28486	-1.47718	0.219493
-1.32662	-1.41682	0.277079
-1.35198	-1.36313	0.314485
-1.37374	-1.30706	0.348653
-1.40123	-1.22457	0.387516
-1.41167	-1.15692	0.438746
-1.42197	-1.07625	0.488546
-1.42687	-0.999556	0.521267
-1.42797	-0.914672	0.552993
-1.44073	-0.821047	0.55954
-1.45179	-0.718183	0.58868
-1.46519	-0.615241	0.609093
-1.37929	-0.430918	0.656025
-1.21557	-0.294685	0.657491
-0.289197	0.160945	0.104326

0.382542	-1.99012	0.00436462
0.336954	-1.99121	-0.0119884
0.30219	-1.98005	0.0467133
0.237582	-1.96946	0.116662
0.18237	-1.96562	0.155562
0.0549425	-1.95384	0.224943
-0.0161851	-1.94358	0.277479
-0.0660571	-1.93347	0.281937
-0.168082	-1.91493	0.295223
-0.232194	-1.90251	0.30208
-0.308621	-1.88789	0.317694
-0.364419	-1.87608	0.320483
-0.430813	-1.86067	0.336717
-0.529538	-1.84617	0.305078
-0.600857	-1.8269	0.299252
-0.631883	-1.80946	0.321074
-0.720709	-1.78241	0.307307
-0.796146	-1.75455	0.305944
-0.87799	-1.72886	0.269862
-0.941328	-1.70733	0.236459
-0.999476	-1.67567	0.22834
-1.0433	-1.64098	0.262883
-1.1126	-1.60149	0.252075
-1.16167	-1.56213	0.247134
-1.20952	-1.51866	0.258229
-1.23224	-1.48208	0.295389
-1.27206	-1.43493	0.313928
-1.29726	-1.37786	0.370469
-1.31467	-1.32561	0.398649
-1.34084	-1.26236	0.422537
-1.36147	-1.19261	0.460553
-1.36969	-1.12113	0.488141
-1.38662	-1.03187	0.531903
-1.3937	-0.957906	0.561801
-1.40402	-0.864541	0.579618
-1.41243	-0.765059	0.600054
-1.4153	-0.669493	0.623441
-1.36322	-0.480616	0.636993
-1.1168	-0.218599	0.585968
-0.540973	0.0160617	0.236862

0.512062	-1.98827	-0.00775017
0.445385	-1.99104	-0.0169291
0.395568	-1.98426	0.00215075
0.337835	-1.97281	0.0564462
0.278322	-1.96624	0.123203
0.189546	-1.95532	0.201263
0.0732547	-1.94354	0.276154
0.0366427	-1.93395	0.294787
-0.05499	-1.91719	0.309195
-0.138382	-1.90367	0.323809
-0.221089	-1.8897	0.332234
-0.278334	-1.87743	0.343998
-0.345401	-1.85653	0.363111
-0.418999	-1.84206	0.349937
-0.515549	-1.82367	0.334376
-0.561792	-1.80806	0.35131
-0.645648	-1.78447	0.343941
-0.716893	-1.75592	0.361593
-0.782213	-1.73129	0.351156
-0.860089	-1.70301	0.321888
-0.913723	-1.67649	0.318506
-0.959292	-1.64818	0.34769
-1.01783	-1.61413	0.326987
-1.07931	-1.57162	0.329808
-1.11428	-1.53582	0.339129
-1.16257	-1.49084	0.357225
-1.19344	-1.45083	0.379418
-1.22011	-1.40639	0.42301
-1.25651	-1.35232	0.429349
-1.29377	-1.28749	0.456538
-1.30614	-1.23533	0.483034
-1.32236	-1.16505	0.505671
-1.33866	-1.10225	0.536766
-1.3511	-1.01845	0.572162
-1.35002	-0.934427	0.596267
-1.3599	-0.852221	0.605132
-1.36318	-0.718778	0.638828
-1.33591	-0.555811	0.647072
-1.00845	-0.222779	0.522064
-0.744082	-0.0759559	0.324361

0.603037	-1.98745	0.00437193
0.527988	-1.98902	-0.00786952
0.468207	-1.9821	-0.0186901
0.426886	-1.97458	0.00660442
0.358821	-1.96531	0.0896286
0.288042	-1.95451	0.175966
0.179204	-1.94219	0.254792
0.134692	-1.93371	0.286852
0.0484176	-1.91436	0.320431
-0.0314076	-1.90277	0.334167
-0.117451	-1.89269	0.33675
-0.168133	-1.88058	0.353478
-0.253201	-1.85846	0.368061
-0.307997	-1.83795	0.391863
-0.400964	-1.82165	0.367416
-0.462417	-1.81123	0.378564
-0.53369	-1.78597	0.393124
-0.601063	-1.76267	0.391287
-0.663048	-1.73658	0.392894
-0.7484	-1.70973	0.385008
-0.810511	-1.6894	0.392917
-0.858129	-1.66318	0.40622
-0.934047	-1.62524	0.390789
-1.0046	-1.58532	0.369352
-1.05001	-1.54787	0.379738
-1.0994	-1.50191	0.406779
-1.13659	-1.46063	0.421667
-1.15603	-1.42358	0.451404
-1.19665	-1.37045	0.472782
-1.23842	-1.31519	0.49034
-1.25602	-1.25812	0.500236
-1.28639	-1.18305	0.518767
-1.29987	-1.13019	0.543116
-1.31252	-1.04471	0.563754
-1.32308	-0.974115	0.592245
-1.32211	-0.908449	0.603772
-1.3206	-0.771951	0.631698
-1.27332	-0.621447	0.673707
-0.913259	-0.362957	0.534161
-0.716658	-0.247267	0.317501

0.696629	-1.98705	0.00453399
0.643014	-1.98656	-0.00309706
0.553289	-1.98135	-0.00407985
0.503434	-1.97467	-0.00353289
0.434057	-1.9634	0.0511685
0.374789	-1.95431	0.115064
0.277365	-1.94414	0.202859
0.22731	-1.93462	0.252208
0.146977	-1.91599	0.295996
0.0828653	-1.90507	0.32018
-0.0149817	-1.89425	0.337671
-0.0767857	-1.8814	0.376628
-0.15052	-1.85962	0.402974
-0.231523	-1.83622	0.425609
-0.326408	-1.81972	0.416801
-0.390704	-1.80397	0.438165
-0.445066	-1.78345	0.435122
-0.498209	-1.76691	0.433269
-0.578728	-1.73706	0.419414
-0.658488	-1.71268	0.422661
-0.72626	-1.69111	0.435879
-0.781652	-1.65964	0.443842
-0.859136	-1.62535	0.414443
-0.915009	-1.5963	0.398807
-0.968086	-1.55593	0.420601
-1.01276	-1.51209	0.450123
-1.05883	-1.47238	0.461494
-1.07696	-1.44047	0.477491
-1.1285	-1.3839	0.506876
-1.16168	-1.33518	0.522467
-1.19581	-1.26846	0.520919
-1.22811	-1.21231	0.539551
-1.2399	-1.15612	0.561291
-1.26093	-1.07318	0.579041
-1.27744	-1.00012	0.59947
-1.27414	-0.93553	0.609364
-1.27594	-0.820198	0.616544
-1.24822	-0.675604	0.660517
-0.968249	-0.426922	0.577872
-0.606181	-0.364236	0.282202

0.788151	-1.98756	0.00950466
0.741051	-1.9871	-0.00942752
0.668583	-1.9834	-0.0109264
0.607438	-1.97446	-0.0232876
0.54073	-1.96471	-0.00426265
0.459528	-1.95309	0.0641728
0.369725	-1.93974	0.189953
0.31135	-1.93299	0.231799
0.233911	-1.9197	0.27308
0.173422	-1.90839	0.324621
0.0992727	-1.89559	0.349107
0.00746173	-1.87461	0.38064
-0.0408295	-1.85993	0.408356
-0.119281	-1.84236	0.429625
-0.191078	-1.82467	0.440857
-0.293271	-1.80069	0.45997
-0.371182	-1.77852	0.457332
-0.407243	-1.75783	0.475269
-0.478697	-1.73588	0.470517
-0.577779	-1.71021	0.46494
-0.63451	-1.68865	0.479022
-0.694914	-1.65799	0.474057
-0.761172	-1.62831	0.47424
-0.81347	-1.60713	0.461057
-0.861383	-1.57612	0.461806
-0.920667	-1.53331	0.488111
-0.975131	-1.49434	0.499567
-1.00934	-1.4482	0.504012
-1.0577	-1.38945	0.534574
-1.08019	-1.3416	0.541076
-1.13041	-1.28529	0.536017
-1.16573	-1.22838	0.557122
-1.18241	-1.17528	0.583203
-1.20353	-1.10727	0.605027
-1.22344	-1.03278	0.620909
-1.23368	-0.961509	0.611449
-1.2367	-0.863054	0.646108
-1.19205	-0.734277	0.658962
-1.09004	-0.540075	0.636521
-0.523281	-0.351407	0.22533

0.880209	-1.98738	-0.000773905
0.818327	-1.98799	-0.0146753
0.762506	-1.98578	-0.0143239
0.688238	-1.97456	-0.0111524
0.633833	-1.96422	-0.0098552
0.587325	-1.95523	0.0109945
0.497448	-1.94234	0.0918757
0.401833	-1.93009	0.190033
0.322045	-1.91725	0.249484
0.234475	-1.90443	0.308482
0.196734	-1.89009	0.347389
0.109671	-1.8726	0.375813
0.0449067	-1.86022	0.402728
-0.0483495	-1.84091	0.440369
-0.0997747	-1.82349	0.453134
-0.174093	-1.80415	0.464269
-0.243471	-1.78466	0.461046
-0.300928	-1.76542	0.47989
-0.358667	-1.74122	0.499086
-0.451792	-1.71688	0.496893
-0.504011	-1.69768	0.509013
-0.586146	-1.66535	0.492913
-0.65547	-1.63583	0.500521
-0.739136	-1.60878	0.493737
-0.799646	-1.57561	0.51423
-0.852149	-1.54591	0.516644
-0.891064	-1.50468	0.537645
-0.922866	-1.45898	0.551342
-0.960906	-1.41176	0.547158
-1.00211	-1.35486	0.566838
-1.03852	-1.30767	0.574263
-1.09362	-1.23997	0.576668
-1.11135	-1.20075	0.594864
-1.14349	-1.13727	0.599691
-1.16598	-1.068	0.620692
-1.18177	-0.986502	0.63737
-1.18087	-0.882581	0.660364
-1.17128	-0.788663	0.648695
-1.09703	-0.605783	0.62722
-0.371337	-0.0913435	0.145495

0.993734	-1.98813	-0.010347
0.916614	-1.98635	-0.0040677
0.875211	-1.98649	-0.0147221
0.809203	-1.97517	0.0143699
0.717745	-1.96476	0.00216425
0.656525	-1.95549	0.00101583
0.596329	-1.94584	0.0195173
0.498849	-1.93094	0.102088
0.44309	-1.92195	0.169386
0.361526	-1.90524	0.260065
0.309231	-1.89024	0.316084
0.220735	-1.87005	0.369109
0.15761	-1.85525	0.399297
0.0587428	-1.84123	0.433654
-0.00167791	-1.82501	0.461721
-0.0789147	-1.80499	0.472615
-0.185971	-1.78122	0.474129
-0.237303	-1.7607	0.500949
-0.285586	-1.74119	0.507323
-0.368869	-1.71777	0.504526
-0.423037	-1.69089	0.525363
-0.496298	-1.66775	0.51995
-0.567784	-1.63704	0.531112
-0.621001	-1.61111	0.548068
-0.718494	-1.57728	0.543003
-0.766589	-1.54605	0.532422
-0.810255	-1.50669	0.559741
-0.865448	-1.46131	0.574158
-0.89881	-1.41945	0.575374
-0.944491	-1.36732	0.579
-0.964862	-1.32416	0.596725
-1.02421	-1.26235	0.595696
-1.05101	-1.21126	0.613782
-1.07988	-1.14715	0.619622
-1.09448	-1.09023	0.631227
-1.11593	-1.0186	0.638635
-1.14404	-0.914732	0.661525
-1.11485	-0.792387	0.671742
-1.02861	-0.647899	0.64194
-0.453513	0.0505081	0.18001

1.08157	-1.98641	-0.00230291
1.01776	-1.9827	-0.0242113
0.986158	-1.98256	-0.0116428
0.907806	-1.97414	0.0143197
0.824585	-1.96069	0.00227765
0.759585	-1.95569	-0.00666825
0.713133	-1.94791	0.00432783
0.615017	-1.93383	0.0364669
0.52949	-1.92216	0.0925968
0.454096	-1.9062	0.197776
0.392276	-1.89081	0.287724
0.319569	-1.87255	0.347323
0.248265	-1.85814	0.399216
0.161979	-1.84338	0.420318
0.0964501	-1.82676	0.440303
0.0327063	-1.80873	0.471894
-0.0629422	-1.7834	0.491554
-0.139948	-1.75882	0.509059
-0.201049	-1.73951	0.52257
-0.254223	-1.71256	0.53574
-0.327396	-1.69059	0.539442
-0.389692	-1.6692	0.534866
-0.456688	-1.64034	0.545987
-0.520152	-1.61529	0.557215
-0.605317	-1.58159	0.570143
-0.669846	-1.54567	0.548056
-0.699654	-1.51604	0.570087
-0.766806	-1.4705	0.584104
-0.815194	-1.42815	0.609711
-0.858922	-1.38158	0.612608
-0.899884	-1.33613	0.616935
-0.946593	-1.28072	0.617146
-0.9764	-1.22265	0.618895
-0.996222	-1.17258	0.633407
-1.02765	-1.10565	0.630948
-1.05677	-1.04551	0.647039
-1.08553	-0.944281	0.679573
-1.05205	-0.805923	0.660466
-0.949404	-0.67339	0.624661
-0.626282	-0.0533967	0.282503

1.19718	-1.97891	-0.00785524
1.132	-1.97432	-0.0210156
1.1076	-1.97183	-0.0142854
1.07386	-1.96623	-0.00787964
0.990777	-1.94873	-0.00190213
0.90659	-1.94556	-0.0114114
0.838925	-1.92741	0.00304436
0.772298	-1.91652	0.0185663
0.681107	-1.9083	0.0629697
0.599385	-1.89713	0.1417
0.528396	-1.88277	0.242242
0.45568	-1.87294	0.299369
0.357067	-1.851	0.381187
0.292534	-1.8402	0.401575
0.223993	-1.82229	0.427976
0.161604	-1.80519	0.453349
0.0904106	-1.7868	0.471093
-0.00312375	-1.76479	0.490619
-0.0650506	-1.74721	0.502439
-0.141244	-1.71656	0.51955
-0.196426	-1.70151	0.542695
-0.26973	-1.66963	0.549579
-0.324522	-1.64683	0.564966
-0.397079	-1.61493	0.590393
-0.474613	-1.5872	0.584303
-0.569987	-1.55098	0.565573
-0.618201	-1.52201	0.577444
-0.658005	-1.48029	0.597666
-0.718455	-1.43501	0.605288
-0.761382	-1.39981	0.609325
-0.811431	-1.34634	0.623293
-0.85519	-1.29894	0.626623
-0.904551	-1.24691	0.630311
-0.916515	-1.1924	0.650372
-0.953314	-1.1314	0.649971
-0.976239	-1.07516	0.656269
-1.00826	-0.990922	0.674083
-1.01336	-0.855636	0.667985
-0.801486	-0.642606	0.521228
-0.594945	-0.178386	0.195038

1.30776	-1.97143	-0.00690125
1.26712	-1.95815	-0.0268406
1.23328	-1.94932	-0.0271114
1.20092	-1.90955	-0.000215782
1.13199	-1.89665	0.0192199
1.04984	-1.90033	0.00806358
0.986109	-1.86709	0.00709543
0.909223	-1.86425	0.0159486
0.839805	-1.83802	0.0706089
0.784592	-1.81105	0.168741
0.712967	-1.81195	0.245735
0.638273	-1.80713	0.30164
0.551236	-1.78964	0.378651
0.493879	-1.79193	0.3937
0.393386	-1.79993	0.416226
0.286033	-1.78441	0.454962
0.229085	-1.75503	0.491552
0.146525	-1.7415	0.514159
0.0741673	-1.72522	0.528262
-0.00987665	-1.71047	0.526344
-0.0814776	-1.69015	0.548678
-0.165086	-1.66291	0.588952
-0.206823	-1.63596	0.603602
-0.274069	-1.60116	0.609088
-0.347953	-1.57603	0.616851
-0.402364	-1.54719	0.608718
-0.477163	-1.52521	0.608068
-0.530638	-1.49555	0.61645
-0.591679	-1.45269	0.628094
-0.621724	-1.41561	0.616482
-0.659096	-1.37277	0.612501
-0.706475	-1.33364	0.621594
-0.764521	-1.28783	0.636806
-0.801256	-1.22996	0.651114
-0.844873	-1.17637	0.663123
-0.872245	-1.12093	0.647148
-0.912519	-1.04974	0.652644
-0.939772	-0.903669	0.66115
-0.684481	-0.673579	0.4758
-0.451317	-0.188366	0.206694

1.4852	-1.95658	-0.00990418
1.43439	-1.95764	0.00310483
1.39742	-1.9364	0.00384857
1.33603	-1.89419	0.01471
1.28026	-1.85791	0.0177027
1.1963	-1.8546	-0.00395228
1.10357	-1.8376	-0.0114729
1.18228	-1.83743	-0.0101639
1.32927	-1.84629	0.00509855
1.61213	-1.86654	0.0259128
1.59976	-1.86046	0.0433612
1.25419	-1.78996	0.0814869
1.01714	-1.7563	0.142083
1.02719	-1.72273	0.138609
1.06797	-1.67112	0.108341
0.886725	-1.67129	0.273206
0.661529	-1.67552	0.445157
0.573707	-1.66404	0.501633
0.468348	-1.65108	0.541247
0.361337	-1.62817	0.558028
0.248138	-1.62427	0.552065
0.174599	-1.56853	0.604087
0.100378	-1.54837	0.615874
0.0163769	-1.57164	0.611235
-0.152285	-1.57007	0.617711
-0.0969472	-1.32616	0.628146
-0.136768	-1.35321	0.6345
-0.27756	-1.41958	0.635724
-0.403616	-1.42147	0.632021
-0.479447	-1.40886	0.632829
-0.522722	-1.3616	0.633866
-0.475453	-1.26456	0.649715
-0.547313	-1.25547	0.659548
-0.633747	-1.23777	0.66514
-0.677729	-1.20026	0.676333
-0.734326	-1.14196	0.655255
-0.756318	-1.06513	0.669881
-0.800783	-0.962108	0.648138
-0.659501	-0.792871	0.542778
-0.155774	-0.216143	0.104741

1.3423	-1.69386	0.0969161
1.29761	-1.70419	0.085027
1.26217	-1.66514	0.166755
1.24003	-1.60197	0.20919
1.16955	-1.57209	0.282243
1.01269	-1.56194	0.356544
0.887467	-1.52936	0.447808
0.768815	-1.47881	0.521704
0.936837	-1.56959	0.395454
1.5189	-1.78072	0.1059
1.62812	-1.76981	0.0477681
1.45769	-1.66331	0.0422281
1.32902	-1.62705	0.0313455
1.40973	-1.62392	0.0183566
1.79162	-1.61154	0.00657652
1.75271	-1.59718	0.0144251
1.41735	-1.49708	0.130598
1.50818	-1.35232	0.108349
1.69223	-1.14654	0.0914654
1.60659	-0.969977	0.322309
1.39191	-1.05357	0.434633
1.07407	-1.17231	0.56625
0.821113	-1.24863	0.612094
0.522979	-1.27263	0.650839
0.600837	-1.15779	0.667748
0.285638	-1.17703	0.647694
0.260707	-1.02833	0.585831
0.530737	-0.854982	0.568955
0.825999	-0.717317	0.587456
1.17165	-0.654147	0.536303
1.50695	-0.499622	0.478231
1.32808	-0.383956	0.543254
1.46359	-0.167185	0.54025
1.5644	0.0442247	0.512532
1.53171	0.45246	0.51173
1.15351	0.443037	0.525698
0.719891	0.012767	0.421814
0.435563	-0.301433	0.269107
0.063051	-0.557279	0.221495
0.0774915	-0.159376	0.0447929

